※作業の高速化のため表記を省略しています。

序章　草原の少女

離脱ポイントX: Y:

■イベント条件群

−ターン条件−
D68510　02 00 00 00 C0 FC D6 08 01 00 00 00 00 00 00 00 ： 章開始イベント
　　　　02 00 00 00 C4 FD D6 08 01 00 00 00 00 00 00 00 ： 
　　　　02 00 00 00 A8 FE D6 08 02 00 80 00 00 00 00 00 
　　　　02 00 00 00 5C FF D6 08 04 00 80 00 00 00 00 00
　　　　00 00 00 00 
　　　　02 00 00 00 50 FE D6 08 02 00 00 00 00 00 00 00 
　　　　02 00 00 00 CC FE D6 08 03 00 00 00 00 00 00 00 
　　　　02 00 00 00 24 FF D6 08 04 00 00 00 00 00 00 00 
　　　　02 00 00 00 80 FF D6 08 05 00 00 00 00 00 00 00 
　　　　00 00 00 00 00 00 00 00 ： ターン条件終わり
−会話条件−
D68598　00 00 00 00 ： 会話条件終わり
−オブジェクト指定−
D6859C　05 00 03 00 01 00 00 00 03 02 0F 00 
     　 00 00 00 00 ： オブジェクト指定終わり
−未使用？−
D685AC　01 00 07 00 F0 FF D6 08 06 00 00 00 
　　　　01 00 08 00 84 00 D7 08 07 00 00 00 
　　　　01 00 09 00 F4 00 D7 08 08 00 00 00 
　　　　01 00 0A 00 70 01 D7 08 09 00 00 00 
　　　　01 00 0B 00 A8 01 D7 08 0A 00 00 00 
　　　　00 00 00 00 
　　　　08 07 00 00 FF 00 00 00 08 06 00 00 06 06 00 00 07 05 00 00 07 07 00 00 FF 00 00 00 05 04 00 00 FF 00 00 00 03 03 00 00 02 02 00 00 04 02 00 00 FF 00 00 00 03 02 00 00 FF 00 00 00 
　　　　0F 00 0C 00 EC 85 D6 08 E0 01 D7 08 07 00 00 00 
　　　　0F 00 0D 00 F4 85 D6 08 18 02 D7 08 08 00 00 00 
　　　　0F 00 0E 00 08 86 D6 08 74 02 D7 08 09 00 00 00 
　　　　0F 00 0F 00 10 86 D6 08 98 02 D7 08 0A 00 00 00 
　　　　0F 00 10 00 20 86 D6 08 BC 02 D7 08 0B 00 00 00 
　　　　00 00 00 00
　　　　01 00 11 00 E0 02 D7 08 0C 00 00 00 
　　　　01 00 12 00 14 03 D7 08 0D 00 00 00 
　　　　01 00 13 00 78 03 D7 08 0E 00 00 00 
　　　　00 00 00 00 
−常時条件＆範囲条件−
D686A4　01 00 14 00 D4 03 D7 08 0C 00 00 00 
　　　　01 00 15 00 F8 03 D7 08 0D 00 00 00 
　　　　01 00 16 00 10 04 D7 08 0E 00 00 00 
　　　　01 00 17 00 28 04 D7 08 0F 00 00 00 
　　　　01 00 18 00 4C 04 D7 08 10 00 00 00 
　　　　01 00 00 00 1C F7 D6 08 65 00 00 00 
　　　　00 00 00 00

−アドレス群−
D686F0　10 85 D6 08 ： ターン条件へ
　　　　98 85 D6 08 ： 会話条件へ
　　　　9C 85 D6 08 ： オブジェクト指定へ
　　　　A4 86 D6 08 ： 常時条件＆範囲条件へ
　　　　24 F4 D6 08 ： アーチの配置
　　　　88 F5 D6 08 ： ？
　　　　04 E1 D8 08 ： 敵軍初期配置
　　　　04 E1 D8 08 ： 敵軍初期配置
　　　　04 E1 D8 08 ： 敵軍初期配置
　　　　04 E1 D8 08 ： 敵軍初期配置
　　　　E4 E0 D8 08 ： 自軍初期配置(未使用？)
　　　　E4 E0 D8 08 ： 自軍初期配置
　　　　E4 E0 D8 08 ： 自軍初期配置(未使用？)
　　　　E4 E0 D8 08 ： 自軍初期配置(未使用？)
　　　　C0 FC D6 08 ： 開始イベント
　　　　64 04 D7 08 ： 終了イベント
               
            　      
■イベント内容
D6FCC0　3B 00 00 00 ： ◆以下章開始イベント◆
   　　 30 00 00 00 04 E1 D8 08 
　　　　39 00 00 00 
　　　　3C 00 00 00 AD B3 07 08 
┗07B3AD　B5 04 1C 4C 34 00 21 61 56 01 20 40 42 81 42 05 
　　　　　D1 B2 F7 59 FA F2 F7 AB F8 00 20 20 70 10 BC 01 
　　　　　BC 00 47 00 ： マップのユニット画像を表示しない？
　　　　3C 00 00 00 49 B4 07 08 ： 
┗07B449　B5 00 20 87 F7 FA FA 08 4A 02 20 40 42 51 78 08 
　　　　　40 03 21 49 42 08 40 02 39 08 40 04 39 08 40 08 
　　　　　39 08 40 50 70 01 BC 00 47 00 00 90 27 00 03 10 ： CGシーン用のメッセージ枠を表示する
　　　　D8 00 02 00 ： フェードイン
　　　　91 00 00 00 ： 不明
　　　　D2 00 00 00 33 08 00 00 01 00 00 00 ： CG用会話(気が付いた？)
　　　　D9 00 00 00 ： 画像表示オフ
　　　　90 00 00 00 ： 不明
　　　　D6 00 00 00 ： CG表示
　　　　76 00 3F 00 ： BGMの変更
　　　　D8 00 02 00 
　　　　91 00 00 00 ： 不明
　　　　02 00 3C 00 ： ウェイト
　　　　D2 00 00 00 34 08 00 00 01 00 00 00 ： CG用会話(あなたは、草原の入り口に)
　　　　04 00 10 00 
　　　　8C 00 04 00 ： 画面暗転
　　　　90 00 00 00 ： 不明
　　　　3C 00 00 00 D1 B3 07 08 
┗07B3D1　B5 02 1C 4C 32 13 78 00 21 51 56 01 20 40 42 81 
　　　　　42 08 D0 FF 20 10 70 B3 F7 24 FA B2 F7 5C FA F2 
　　　　　F7 9C F8 01 E0 B3 F7 1D FA 01 BC 00 47 00 00 00 ： 不明
　　　　02 00 20 00 
　　　　05 00 00 00 ： 背景
　　　　8D 00 04 00 ： 画面表示
　　　　91 00 00 00 
　　　　0D 00 00 00 35 08 00 00 ： 会話
　　　　1C 00 00 00 ： メッセージウィンドウを消す？
　　　　7A 00 04 00 ： BGM消音
　　　　09 00 00 00 ： 背景画像を消す
　　　　02 00 20 00 
　　　　30 00 00 00 E4 E0 D8 08
　　　　39 00 00 00 
　　　　02 00 40 00 
　　　　24 00 00 00 03 00 00 00 0E 00 09 00 ： ユニットの移動指定
　　　　39 00 00 00 
　　　　6D 00 00 00 03 00 00 00 ： ユニットを消す
　　　　8C 00 10 00 
　　　　90 00 00 00 
　　　　05 00 00 00 ： 背景
　　　　8D 00 10 00 
　　　　91 00 00 00 
　　　　76 00 32 00 ： BGMの変更
　　　　0D 00 00 00 36 08 00 00 ： 会話
　　　　09 00 00 00 ： 背景画像を消す
　　　　30 00 00 00 E4 E0 D8 08 
　　　　39 00 00 00 ： 移動完了までウェイト
　　　　37 00 00 00 CD 00 51 00 0E 00 09 00 ： ユニットの呼び出し２
　　　　0A 00 00 00 00 00 00 00 ： イベント一区切り
D6FDC4　91 00 00 00 ： ◆以下章開始イベント２◆
　　　　24 00 00 00 CD 00 00 00 0E 00 07 00 ： ユニットの移動指定
　　　　39 00 00 00 
　　　　0D 00 00 00 37 08 00 00 ： 会話
　　　　09 00 00 00 ： 背景画像を消す
　　　　52 00 00 00 32 00 00 00 ： 【32】ハードの場合、42まで飛ぶ
　　　　88 00 00 00  ： 不明
　　　　02 00 08 00 
　　　　A5 00 01 00 2C 00 20 00 38 08 00 00 ： チュートリアルメッセージの表示
　　　　40 00 00 00 81 3B 08 08 
┗083B81　B5 03 48 80 F7 FE FC 00 28 03 D1 00 20 02 E0 EC 
　　　　　AF D8 08 01 20 02 BC 08 47 00 00 01 49 42 31 08 
　　　　　80 70 47 CC E6 03 02 01 48 42 30 00 88 70 47 CC 
　　　　　E6 03 02 F0 ： メッセージを表示しきるまで自軍フェイズに行かないようにしている？
　　　　42 00 00 00 32 00 00 00 ： 【32】52から飛んでくる
　　　　26 00 00 00 CD 00 00 00 7C FC D6 08 ： ユニットの移動指定
┗D6FC7C　00 04 ： 軍師[CD]を左に一歩移動
　　　　39 00 00 00 ： 移動完了までウェイト
　　　　69 00 00 00 CD 00 00 00 ： ユニットを消す
D6FE28　4F 00 01 00 63 00 00 00 ： ハードの場合飛ぶ
　　　　74 00 06 00 ： フラグオン
　　　　A1 00 00 00 ： 不明
　　　　A2 00 00 00 71 00 00 00 ： 特定コマンドを消す
　　　　42 00 00 00 63 00 00 00 ：【63】条件分岐から
　　　　0A 00 00 00 00 00 00 00 ： イベント一区切り
D6FE50　0D 00 00 00 3F 08 00 00 ： 会話(さぁ、もっと近寄って)
　　　　09 00 00 00 
　　　　52 00 00 00 32 00 00 00 ：【32】ハードの場合、42まで飛ぶ
　　　　88 00 00 00
　　　　02 00 08 00 
　　　　A5 00 01 00 10 00 10 00 40 08 00 00 ： チュートリアル会話(リンをつかんでください)
　　　　40 00 00 00 81 3B 08 08 
┗083B81　B5 03 48 80 F7 FE FC 00 28 03 D1 00 20 02 E0 EC 
　　　　　AF D8 08 01 20 02 BC 08 47 00 00 01 49 42 31 08 
　　　　　80 70 47 CC E6 03 02 01 48 42 30 00 88 70 47 CC 
　　　　　E6 03 02 F0 ： チュートリアルメッセージを表示しきるまで自軍フェイズに移行させない
　　　　42 00 00 00 32 00 00 00 ：【32】条件分岐から
　　　　4F 00 01 00 63 00 00 00 ： ハードの場合飛ぶ
　　　　A2 00 00 00 71 00 00 00 ： 特定コマンドを消す
　　　　42 00 00 00 63 00 00 00 ：【63】条件分岐から
　　　　0A 00 00 00 00 00 00 00 ： イベント一区切り
D6FEA8　4F 00 01 00 63 00 00 00 ： ハードの場合飛ぶ
　　　　88 00 00 00 
　　　　A0 00 00 00 90 FC D6 08 
┗D6FC90　00 00 01 00 08 00 08 00 04 00 08 00 00 00 80 00 
　　　　　00 00 01 00 08 00 08 00 04 00 04 00 00 00 80 00 
　　　　　02 00 01 00 08 00 08 00 09 00 0E 00 00 00 80 00 　
　　　　42 00 00 00 63 00 00 00 
　　　　0A 00 00 00 00 00 00 00　　　　
D6FECC　4F 00 01 00 63 00 00 00 ：【63】ハードの場合、42まで飛ぶ
　　　　88 00 00 00 ： 不明
　　　　0D 00 00 00 47 08 00 00 ： 会話(勝てたわね！)
　　　　09 00 00 00 
　　　　52 00 00 00 32 00 00 00 ：【32】ハードの場合、42まで飛ぶ
　　　　02 00 08 00 
　　　　A5 00 01 00 10 00 10 00 48 08 00 00 ： チュートリアル会話
　　　　40 00 00 00 81 3B 08 08 
┗083B81　B5 03 48 80 F7 FE FC 00 28 03 D1 00 20 02 E0 EC 
　　　　　AF D8 08 01 20 02 BC 08 47 00 00 01 49 42 31 08 
　　　　　80 70 47 CC E6 03 02 01 48 42 30 00 88 70 47 CC 
　　　　　E6 03 02 F0 ： チュートリアルを表示しきるまでフェイズを移行させない
　　　　42 00 00 00 32 00 00 00 ：【32】条件分岐から
　　　　A2 00 00 00 71 00 00 00 42 00 00 00 63 00 00 00 ：【63】条件分岐から
　　　　0A 00 00 00 00 00 00 00 ： イベント一区切り
　　　　4F 00 01 00 63 00 00 00 ：【63】ハードの場合、42まで飛ぶ
　　　　88 00 00 00 ： 不明
　　　　A0 00 00 00 A0 FC D6 08 
┗D6FCA0　00 00 01 00 08 00 08 00 04 00 04 00 00 00 80 00 ： 不明
　　　　0D 00 00 00 4D 08 00 00 ： 会話(ありがと！)
　　　　09 00 00 00 
　　　　A2 00 00 00 71 00 00 00 42 00 00 00 63 00 00 00 ：【63】条件分岐から
　　　　0A 00 00 00 00 00 00 00 ： イベント一区切り
D6FF5C　4F 00 01 00 63 00 00 00 ：【63】ハードの場合、42まで飛ぶ
　　　　88 00 00 00 
　　　　A0 00 00 00 B0 FC D6 08 
┗D6FCB0　02 00 01 00 08 00 08 00 09 00 0E 00 00 00 80 00 ： 不明
　　　　42 00 00 00 63 00 00 00 ：【63】条件分岐から
D6FF80　0A 00 00 00 00 00 00 00 ： イベント一区切り
　　　　4F 00 01 00 63 00 00 00 ：【63】ハードの場合、42まで飛ぶ
　　　　88 00 00 00 
　　　　0D 00 00 00 4F 08 00 00 ： 会話(ふうっ…)
　　　　09 00 00 00 
　　　　52 00 00 00 32 00 00 00 ：【32】ハードの場合、42まで飛ぶ
　　　　02 00 08 00 
　　　　A5 00 01 00 3C 00 20 00 50 08 00 00 ： チュートリアル会話
　　　　40 00 00 00 81 3B 08 08 
┗083B81　B5 03 48 80 F7 FE FC 00 28 03 D1 00 20 02 E0 EC 
　　　　　AF D8 08 01 20 02 BC 08 47 00 00 01 49 42 31 08 
　　　　　80 70 47 CC E6 03 02 01 48 42 30 00 88 70 47 CC 
　　　　　E6 03 02 F0 ： チュートリアルを表示しきるまでフェイズを移行させない
　　　　42 00 00 00 32 00 00 00 ：【32】条件分岐から
　　　　A9 00 00 00 20 86 D6 08 
┗D68620　03 02 00 00 FF 00 00 00 0F 00 0C 00 EC 85 D6 08 ： 強制操作の座標など？
　┗D685EC　08 07 00 00 FF 00 00 00 ： ここまでかどうかも不明　　　　
　　　　02 00 28 00 
　　　　40 00 00 00 29 B2 07 08 
┗07B229　B5 08 F0 A9 FC 00 06 04 16 00 2C 03 D1 04 48 03 
　　　　　21 89 F7 99 F8 20 1C 10 BC 02 BC 08 47 00 00 D4 
　　　　　F7 D6 08 F0 ： カーソルを消す処理
　　　　02 00 40 00 
　　　　A2 00 00 00 71 00 00 00 42 00 00 00 63 00 00 00 ：【63】条件分岐から
　　　　0A 00 00 00 00 00 00 00 ： イベント一区切り

D6FFF0　88 00 00 00 ： ここからチュートリアルの内容
　　　　02 00 08 00 
　　　　A5 00 00 00 10 00 10 00 39 08 00 00 ： チュートリアル会話
　　　　40 00 00 00 81 3B 08 08 
┗083B81　B5 03 48 80 F7 FE FC 00 28 03 D1 00 20 02 E0 EC 
　　　　　AF D8 08 01 20 02 BC 08 47 00 00 01 49 42 31 08 
　　　　　80 70 47 CC E6 03 02 01 48 42 30 00 88 70 47 CC 
　　　　　E6 03 02 F0 ： チュートリアルを表示しきるまでフェイズを移行させない
　　　　52 00 00 00 32 00 00 00 ：【32】ハードの場合、42まで飛ぶ
　　　　02 00 08 00 
　　　　A5 00 01 00 10 00 10 00 3A 08 00 00 ： チュートリアル会話
　　　　40 00 00 00 81 3B 08 08 
┗083B81　B5 03 48 80 F7 FE FC 00 28 03 D1 00 20 02 E0 EC 
　　　　　AF D8 08 01 20 02 BC 08 47 00 00 01 49 42 31 08 
　　　　　80 70 47 CC E6 03 02 01 48 42 30 00 88 70 47 CC 
　　　　　E6 03 02 F0 ： チュートリアルを表示しきるまでフェイズを移行させない
　　　　42 00 00 00 32 00 00 00 ：【32】条件分岐から 
　　　　A9 00 00 00 EC 85 D6 08 
┗D685EC　08 07 00 00 FF 00 00 00 ： ここまでかどうかも不明　
　　　　52 00 00 00 33 00 00 00 ：【33】ハードの場合、42まで飛ぶ
　　　　02 00 08 00 
　　　　A5 00 01 00 10 00 10 00 3B 08 00 00 ： チュートリアル会話
　　　　40 00 00 00 81 3B 08 08 
┗083B81　B5 03 48 80 F7 FE FC 00 28 03 D1 00 20 02 E0 EC 
　　　　　AF D8 08 01 20 02 BC 08 47 00 00 01 49 42 31 08 
　　　　　80 70 47 CC E6 03 02 01 48 42 30 00 88 70 47 CC 
　　　　　E6 03 02 F0 ： チュートリアルを表示しきるまでフェイズを移行させない
　　　　42 00 00 00 33 00 00 00 ：【33】条件分岐から 
　　　　40 00 00 00 29 B2 07 08 
┗07B229　B5 08 F0 A9 FC 00 06 04 16 00 2C 03 D1 04 48 03 
　　　　　21 89 F7 99 F8 20 1C 10 BC 02 BC 08 47 00 00 D4 
　　　　　F7 D6 08 F0 ： カーソルを消す処理
　　　　9F 00 00 00 02 01 00 00 ： プレイヤーに操作を移す処理？
　　　　A2 00 00 00 63 00 00 00 ： 持ち物を選択から消す 
　　　　0A 00 00 00 00 00 00 00 ： イベント一区切り
　　　　88 00 00 00 
　　　　52 00 00 00 32 00 00 00 ：【32】ハードの場合、42まで飛ぶ
　　　　02 00 08 00 
　　　　A5 00 01 00 10 00 10 00 41 08 00 00 ： チュートリアル会話(敵の隣に)
　　　　40 00 00 00 81 3B 08 08 ： チュートリアルを表示しきるまでフェイズを移行させない
　　　　42 00 00 00 32 00 00 00 ：【32】条件分岐から 
　　　　A8 00 00 00 ： チュートリアルのカーソル表示？
　　　　02 00 08 00 
　　　　A5 00 00 00 20 00 10 00 42 08 00 00 ： チュートリアル会話(攻撃するには)
　　　　40 00 00 00 81 3B 08 08 ： チュートリアルを表示しきるまでフェイズを移行させない
　　　　40 00 00 00 29 B2 07 08 ： カーソルを消す処理
　　　　9F 00 00 00 02 01 00 00 ： プレイヤーに操作を移す処理？
　　　　A2 00 00 00 63 00 00 00 ： 持ち物を選択から消す
　　　　A2 00 00 00 67 00 00 00 ： 待機を選択から消す
　　　　0A 00 00 00 00 00 00 00 ： イベント一区切り
　　　　88 00 00 00 
　　　　A9 00 00 00 08 86 D6 08 
┗D68608　05 04 00 00 FF 00 00 00 ： 強制移動させる座標の指定
　　　　02 00 08 00 
　　　　A5 00 00 00 10 00 10 00 49 08 00 00 ： チュートリアル会話(…西にある古い【ゲル】にも)
　　　　40 00 00 00 81 3B 08 08 ： チュートリアルを表示しきるまでフェイズを移行させない
　　　　52 00 00 00 32 00 00 00 ：【32】ハードの場合、42まで飛ぶ
　　　　02 00 08 00 
　　　　A5 00 01 00 10 00 10 00 4A 08 00 00 ： チュートリアル会話(光るカーソルまで)
　　　　40 00 00 00 81 3B 08 08 ： チュートリアルを表示しきるまでフェイズを移行させない
　　　　42 00 00 00 32 00 00 00 ：【32】条件分岐から
　　　　40 00 00 00 29 B2 07 08 ： カーソルを消す処理
　　　　9F 00 00 00 02 01 00 00 ： プレイヤーに操作を移す処理？
　　　　A2 00 00 00 67 00 00 00 ： 待機を選択から消す
　　　　A3 00 00 00 36 00 00 00 ： 捨てるを使わせない
　　　　A3 00 00 00 42 00 00 00 ： 装備を使わせない
　　　　0A 00 00 00 00 00 00 00 ： イベント一区切り
　　　　88 00 00 00 
　　　　A9 00 00 00 10 86 D6 08 
┗D68610　03 03 00 00 02 02 00 00 04 02 00 00 FF 00 00 00 ： 強制移動させる座標の指定
　　　　02 00 28 00 
　　　　40 00 00 00 29 B2 07 08 ： カーソルを消す処理
　　　　9F 00 00 00 02 01 00 00 ： プレイヤーに操作を移す処理？
　　　　A2 00 00 00 63 00 00 00 ： 持ち物を選択から消す
　　　　A2 00 00 00 67 00 00 00 ： 待機を選択から消す
　　　　0A 00 00 00 00 00 00 00 ： イベント一区切り
　　　　88 00 00 00 
　　　　A9 00 00 00 20 86 D6 08 
┗D68620　03 02 00 00 FF 00 00 00 ： 強制移動させる座標の指定
　　　　02 00 28 00 
　　　　40 00 00 00 29 B2 07 08 ： カーソルを消す処理
　　　　9F 00 00 00 02 01 00 00 
　　　　A2 00 00 00 63 00 00 00 ： 持ち物を選択から消す
　　　　A2 00 00 00 67 00 00 00 ： 待機を選択から消す
　　　　0A 00 00 00 00 00 00 00 
　　　　88 00 00 00 
　　　　A9 00 00 00 EC 85 D6 08 
┗D685EC　08 07 00 00 FF 00 00 00 ： 強制移動させる座標の指定
　　　　02 00 08 00 
　　　　A5 00 00 00 10 00 10 00 3C 08 00 00 ： チュートリアル会話(早く敵に近づき)
　　　　40 00 00 00 81 3B 08 08 ： チュートリアルを表示しきるまでフェイズを移行させない
　　　　40 00 00 00 29 B2 07 08 ： カーソルを消す処理
　　　　75 00 0C 00 ： フラグをオフ
　　　　0A 00 00 00 00 00 00 00 
　　　　88 00 00 00 
　　　　A8 00 00 00 02 00 08 00 
　　　　A5 00 00 00 20 00 10 00 43 08 00 00 
　　　　40 00 00 00 81 3B 08 08 
　　　　52 00 00 00 32 00 00 00 
　　　　02 00 08 00 
　　　　A5 00 01 00 10 00 10 00 44 08 00 00 
　　　　40 00 00 00 81 3B 08 08 
　　　　42 00 00 00 32 00 00 00 
　　　　40 00 00 00 29 B2 07 08 
　　　　75 00 0D 00 
　　　　0A 00 00 00 00 00 00 00 
　　　　88 00 00 00 
　　　　A9 00 00 00 08 86 D6 08 
　　　　02 00 28 00 
　　　　40 00 00 00 29 B2 07 08 
　　　　75 00 0E 00 
　　　　0A 00 00 00 00 00 00 00 
　　　　88 00 00 00 
　　　　A9 00 00 00 10 86 D6 08 
　　　　02 00 28 00 
　　　　40 00 00 00 29 B2 07 08 
　　　　75 00 0F 00 
　　　　0A 00 00 00 00 00 00 00 
　　　　88 00 00 00 
　　　　A9 00 00 00 20 86 D6 08 
　　　　02 00 28 00 
　　　　40 00 00 00 29 B2 07 08 
　　　　75 00 10 00 
　　　　0A 00 00 00 00 00 00 00 
　　　　88 00 00 00 
　　　　3C 00 00 00 9D B2 04 08 
　　　　02 00 08 00 
　　　　A5 00 00 00 40 00 10 00 3D 08 00 00 
　　　　40 00 00 00 81 3B 08 08 
　　　　3C 00 00 00 BD B2 04 08 
　　　　0A 00 00 00 00 00 00 00 
　　　　88 00 00 00 
　　　　3C 00 00 00 9D B2 04 08 
　　　　02 00 08 00 
　　　　A5 00 00 00 40 00 10 00 45 08 00 00 
　　　　40 00 00 00 81 3B 08 08 
　　　　52 00 00 00 32 00 00 00 
　　　　02 00 08 00 
　　　　A5 00 01 00 40 00 10 00 46 08 00 00 
　　　　40 00 00 00 81 3B 08 08 
　　　　42 00 00 00 32 00 00 00 
　　　　3C 00 00 00 BD B2 04 08 
　　　　A0 00 00 00 80 FC D6 08 
　　　　0A 00 00 00 00 00 00 00 
　　　　88 00 00 00 
　　　　3C 00 00 00 9D B2 04 08 
　　　　02 00 08 00 
　　　　A5 00 00 00 10 00 60 00 4B 08 00 00 
　　　　40 00 00 00 81 3B 08 08 
　　　　52 00 00 00 32 00 00 00 
　　　　02 00 08 00 
　　　　A5 00 01 00 10 00 60 00 4C 08 00 00 
　　　　40 00 00 00 81 3B 08 08 
　　　　42 00 00 00 32 00 00 00 
　　　　3C 00 00 00 BD B2 04 08 
　　　　0A 00 00 00 00 00 00 00 
　　　　88 00 00 00 
　　　　9F 00 00 00 00 00 00 00 
　　　　0D 00 00 00 3E 08 00 00 09 00 00 00 
　　　　A1 00 00 00 
　　　　0A 00 00 00 00 00 00 00 
　　　　88 00 00 00 
　　　　9F 00 00 00 00 00 00 00 
　　　　A1 00 00 00 
　　　　0A 00 00 00 00 00 00 00 
　　　　88 00 00 00 
　　　　9F 00 00 00 00 00 00 00 
　　　　A1 00 00 00 
　　　　0A 00 00 00 00 00 00 00 
　　　　88 00 00 00 
　　　　9F 00 00 00 00 00 00 00 
　　　　0D 00 00 00 4E 08 00 00 09 00 00 00 
　　　　A1 00 00 00 
　　　　0A 00 00 00 00 00 00 00 
　　　　88 00 00 00 
　　　　9F 00 00 00 00 00 00 00 
　　　　A1 00 00 00 
　　　　0A 00 00 00 00 00 00 00 
D70464　A1 00 00 00 
　　　　76 00 38 00 
　　　　0D 00 00 00 53 08 00 00 09 00 00 00 
　　　　7A 00 06 00 
　　　　D9 00 03 00 90 00 00 00 
　　　　3C 00 00 00 AD B3 07 08 
　　　　3C 00 00 00 2D B3 07 08 
　　　　3C 00 00 00 49 B4 07 08 
　　　　02 00 1E 00 
　　　　76 00 AB 03 
　　　　D8 00 02 00 91 00 00 00 
　　　　02 00 3C 00 
　　　　D2 00 00 00 54 08 00 00 01 00 00 00 
　　　　7A 00 04 00 
　　　　8C 00 10 00 90 00 00 00 
　　　　3C 00 00 00 D1 B3 07 08 
　　　　05 00 00 00 
　　　　76 00 3F 00 
　　　　8D 00 10 00 91 00 00 00 
　　　　0D 00 00 00 55 08 00 00 
　　　　7A 00 02 00 
　　　　02 00 20 00 
　　　　79 00 51 00 
　　　　04 00 00 00 
　　　　14 00 00 00 
　　　　7A 00 02 00 
　　　　02 00 20 00 
　　　　76 00 3F 00 
　　　　14 00 00 00 
　　　　02 00 40 00 
　　　　11 00 00 00 56 08 00 00 
　　　　52 00 00 00 
　　　　33 00 00 00 
　　　　8C 00 04 00 
　　　　90 00 00 00 
　　　　02 00 00 00 
　　　　05 00 5B 00 
　　　　8D 00 04 00 91 00 00 00 
　　　　02 00 08 00 
　　　　A5 00 05 00 00 00 00 00 57 08 00 00 
　　　　40 00 00 00 81 3B 08 08 
　　　　43 00 00 00 34 00 00 00 
　　　　42 00 00 00 33 00 00 00 
　　　　8C 00 04 00 90 00 00 00 
　　　　05 00 5B 00 
　　　　42 00 00 00 34 00 00 00 
D70574　7F 00 01 00 
　　　　02 00 01 00 01 00 00 00 
　　　　0A 00 00 00 00 00 00 00

■この章で使われたフラグ
