※作業の高速化のため表記を省略しています。

１章 運命の足音

離脱ポイントX: Y:

■ワールドマップシーン
DB117C　85 00 00 00 
　　　　97 00 00 00 51 64 0B 08 
　　　　AD 00 00 00 01 00 00 00 F0 02 00 00 1C 00 00 00 
　　　　02 00 10 00 
　　　　87 00 00 00 
　　　　02 00 3C 00 
　　　　B5 00 00 00 ： メッセージ枠の表示
　　　　B4 00 00 00 88 06 00 00 
　　　　B2 00 00 00 00 00 00 00 16 00 00 00 34 05 00 00 00 00 00 00 
　　　　02 00 06 00 
　　　　BE 00 00 00 01 00 00 00 64 03 40 00 01 00 00 00 00 00 00 00 
　　　　B8 00 00 00 00 00 00 00 64 03 40 00 02 00 00 00 00 00 00 00 ： リンを表示
　　　　02 00 00 00 
　　　　14 00 00 00 
　　　　BE 00 00 00 01 00 00 00 A8 03 4D 00 01 00 00 00 00 00 00 00 
　　　　CB 00 00 00 
　　　　02 00 01 00 
　　　　CA 00 00 00 A8 03 4D 00 ： 丸を強調するエフェクトを表示
　　　　14 00 00 00 
　　　　B8 00 00 00 01 00 00 00 84 03 82 00 28 00 01 00 00 00 00 00 ： ソシアルＡを表示
　　　　02 00 00 00 
　　　　B8 00 00 00 02 00 00 00 84 03 82 00 28 00 02 00 00 00 00 00 ： ソシアルＢを表示
　　　　02 00 00 00 
　　　　B8 00 00 00 01 00 00 00 9F 03 6E 00 00 00 01 00 00 00 00 00 ： ソシアルＡを移動
　　　　02 00 00 00 
　　　　B8 00 00 00 02 00 00 00 9F 03 6E 00 00 00 02 00 00 00 00 00 ： ソシアルＢを移動
　　　　02 00 00 00 
　　　　B8 00 00 00 01 00 00 00 A8 03 4D 00 00 00 01 00 00 00 00 00 ： ソシアルＡを移動
　　　　02 00 00 00 
　　　　B8 00 00 00 02 00 00 00 A8 03 4D 00 00 00 02 00 00 00 00 00 ： ソシアルＢを移動
　　　　02 00 00 00 
　　　　B8 00 00 00 00 00 00 00 76 03 36 00 00 00 00 00 00 00 00 00 ： リンを移動
　　　　02 00 00 00 
　　　　B8 00 00 00 00 00 00 00 93 03 3C 00 00 00 00 00 00 00 00 00 ： リンを移動
　　　　02 00 00 00 
　　　　B8 00 00 00 00 00 00 00 A8 03 4D 00 00 84 00 00 00 00 00 00 ： リンを移動
　　　　02 00 00 00 
　　　　14 00 00 00 
　　　　02 00 1E 00 
　　　　02 00 3C 00 
　　　　CB 00 00 00 
　　　　7A 00 04 00 
　　　　AE 00 00 00 
　　　　AF 00 00 00 
　　　　02 00 3C 00 
　　　　00 00 00 00

■イベント条件群

−ターン条件−
D68730　02 00 00 00 88 05 D7 08 01 00 00 00 00 00 00 00 ： 章開始イベント
　　　　02 00 00 00 48 06 D7 08 01 00 00 00 00 00 00 00 ：　
　　　　00 00 00 00 
　　　　02 00 00 00 C0 06 D7 08 02 00 00 00 00 00 00 00 
　　　　02 00 00 00 00 07 D7 08 03 00 00 00 00 00 00 00 
　　　　00 00 00 00  ： ターン条件終わり
−会話条件−
D68778　00 00 00 00 ： 会話条件終わり
−オブジェクト指定−
D6877C　00 00 00 00 ： オブジェクト指定終わり
−チュートリアル関係？−
D68780　01 00 08 00 5C 07 D7 08 07 00 00 00 
　　　　01 00 09 00 EC 08 D7 08 08 00 00 00 
　　　　01 00 0A 00 20 0A D7 08 09 00 00 00 
　　　　01 00 0C 00 08 0B D7 08 0B 00 00 00 
　　　　01 00 0D 00 84 0C D7 08 0C 00 00 00 
　　　　01 00 0E 00 B8 0D D7 08 0D 00 00 00 
　　　　01 00 10 00 94 0E D7 08 0F 00 00 00 
　　　　00 00 00 00 
　　　　04 05 00 00 FF 00 00 00 
　　　　04 07 00 00 FF 00 00 00 
　　　　03 06 00 00 FF 00 00 00 
　　　　05 09 00 00 FF 00 00 00 
　　　　06 08 00 00 FF 00 00 00 
　　　　05 04 00 00 FF 00 00 00 
　　　　05 05 00 00 04 04 00 00 FF 00 00 00 
　　　　0F 00 11 00 D8 87 D6 08 04 08 D7 08 08 00 00 00 
　　　　0F 00 12 00 E0 87 D6 08 80 09 D7 08 09 00 00 00 
　　　　0F 00 13 00 E8 87 D6 08 B8 0A D7 08 0A 00 00 00 
　　　　0F 00 14 00 F0 87 D6 08 8C 0B D7 08 0C 00 00 00 
　　　　0F 00 15 00 F8 87 D6 08 04 0D D7 08 0D 00 00 00 
　　　　0F 00 16 00 00 88 D6 08 58 0E D7 08 0E 00 00 00 
　　　　0F 00 17 00 08 88 D6 08 54 0F D7 08 0F 00 00 00 
　　　　00 00 00 00 
　　　　01 00 18 00 4C 08 D7 08 08 00 00 00 ：セインの戦闘チュートリアル
　　　　01 00 19 00 B0 09 D7 08 09 00 00 00 
　　　　01 00 1A 00 A4 0A D7 08 0A 00 00 00 
　　　　01 00 1B 00 D0 0B D7 08 0C 00 00 00 
　　　　01 00 1C 00 48 0D D7 08 0D 00 00 00 
　　　　01 00 1D 00 C0 0F D7 08 0F 00 00 00 
　　　　00 00 00 00 
−常時条件＆範囲条件−
D688D4　0E 00 00 00 D8 11 D7 08 5D AA 07 08 
　　　　01 00 1E 00 60 08 D7 08 08 00 00 00 
　　　　01 00 1F 00 F4 09 D7 08 09 00 00 00 
　　　　01 00 20 00 F0 0A D7 08 0A 00 00 00 
　　　　01 00 21 00 10 0C D7 08 0C 00 00 00 
　　　　01 00 22 00 84 0D D7 08 0D 00 00 00 
　　　　01 00 23 00 7C 0E D7 08 0E 00 00 00 
　　　　01 00 24 00 E8 10 D7 08 0F 00 00 00 
　　　　01 00 00 00 1C F7 D6 08 65 00 00 00 
　　　　00 00 00 00 ： 常時条件＆範囲条件終わり

−アドレス群−
D68944　30 87 D6 08 ： ターン条件へ
　　　　78 87 D6 08 ： 会話条件へ
　　　　7C 87 D6 08 ： オブジェクト指定へ
　　　　D4 88 D6 08 ： 常時条件＆範囲条件へ
　　　　25 F4 D6 08 ： アーチの配置
　　　　89 F5 D6 08 ： ？
　　　　84 E1 D8 08 ： 敵軍初期配置
　　　　84 E1 D8 08 ： 敵軍初期配置
　　　　84 E1 D8 08 ： 敵軍初期配置
　　　　84 E1 D8 08 ： 敵軍初期配置
　　　　64 E1 D8 08 ： 自軍初期配置(未使用？)
　　　　64 E1 D8 08 ： 自軍初期配置
　　　　64 E1 D8 08 ： 自軍初期配置(未使用？)
　　　　64 E1 D8 08 ： 自軍初期配置(未使用？)
　　　　88 05 D7 08 ： 開始イベント
　　　　D8 11 D7 08 ： 終了イベント

               
■イベント内容
D70588　3B 00 00 00 
　　　　0C 00 00 00 
　　　　02 00 40 00 
　　　　64 00 00 00 01 00 00 00 
　　　　8C 00 10 00 
　　　　90 00 00 00 ： 不明
　　　　34 00 00 00 64 E1 D8 08 
┗D8E164　03 02 00 10 02 08 02 08 01 6B 6B 00 00 00 00 00 
　　　　　00 00 00 00 00 00 00 00 00 00 00 00 00 00 00 00 ： リンの呼び出し
　　　　39 00 00 00 
　　　　05 00 30 00 
　　　　8D 00 10 00 91 00 00 00 
　　　　17 00 00 00 58 08 00 00 59 08 00 00 ： 軍師の性別による分岐会話
　　　　7A 00 06 00 
　　　　8C 00 04 00 90 00 00 00 
　　　　02 00 78 00 
　　　　05 00 22 00 
　　　　8D 00 10 00 91 00 00 00 
　　　　76 00 32 00 
　　　　0D 00 00 00 5A 08 00 00 
　　　　09 00 00 00 
　　　　30 00 00 00 A4 E1 D8 08 
　　　　39 00 00 00 
　　　　02 00 20 00 
　　　　8C 00 10 00 90 00 00 00 
　　　　30 00 00 00 F4 E1 D8 08 
　　　　39 00 00 00 
　　　　30 00 00 00 84 E1 D8 08 
　　　　39 00 00 00 
　　　　05 00 22 00 
　　　　8D 00 10 00 91 00 00 00 
　　　　0D 00 00 00 5B 08 00 00 
　　　　09 00 00 00 
　　　　02 00 20 00 
　　　　0A 00 00 00 00 00 00 00

D70648　4F 00 01 00 63 00 00 00 ：【63】
　　　　88 00 00 00 
　　　　7A 00 02 00 
　　　　02 00 1E 00 
　　　　76 00 30 00 
　　　　17 00 00 00 5C 08 00 00 5D 08 00 00 ： 分岐会話(軍師の性別)
　　　　09 00 00 00 
　　　　52 00 00 00 32 00 00 00 ：【32】
　　　　02 00 08 00 
　　　　A5 00 05 00 00 00 00 00 5E 08 00 00 
　　　　40 00 00 00 81 3B 08 08 
　　　　65 00 00 00 18 00 00 00 
　　　　42 00 00 00 32 00 00 00 ：【32】
　　　　74 00 07 00 
　　　　A1 00 00 00 ： コマンド不可を解除
　　　　A2 00 00 00 71 00 00 00 ： 特定のコマンドを消す
　　　　42 00 00 00 63 00 00 00 ：【63】
　　　　0A 00 00 00 00 00 00 00 
　　　　
D706C0　4F 00 01 00 63 00 00 00 ：【63】
　　　　88 00 00 00 
　　　　76 00 30 00 
　　　　87 00 00 00 ： スキップ禁止
　　　　17 00 00 00 6E 08 00 00 6F 08 00 00 ： 分岐会話
　　　　09 00 00 00 
　　　　74 00 0B 00 
　　　　A2 00 00 00 71 00 00 00 ： 特定のコマンドを消す
　　　　42 00 00 00 63 00 00 00 ：【63】
　　　　0A 00 00 00 00 00 00 00 

D70700　4F 00 01 00 63 00 00 00 ：【63】
　　　　88 00 00 00 
　　　　0D 00 00 00 7E 08 00 00 
　　　　09 00 00 00 
　　　　52 00 00 00 32 00 00 00 ：【32】
　　　　02 00 08 00 
　　　　A5 00 05 00 00 00 00 00 7F 08 00 00 
　　　　40 00 00 00 81 3B 08 08 
　　　　42 00 00 00 32 00 00 00 ：【32】
　　　　74 00 0F 00 
　　　　A2 00 00 00 71 00 00 00 
　　　　42 00 00 00 63 00 00 00 ：【63】
　　　　0A 00 00 00 00 00 00 00 

D70750　88 00 00 00 
　　　　4C 00 01 00 01 00 00 00 18 00 00 00 ： 【01】訪問者による条件分岐
　　　　3C 00 00 00 D9 D6 01 08 
　　　　65 00 00 00 18 00 00 00 
　　　　17 00 00 00 5F 08 00 00 60 08 00 00 
　　　　09 00 00 00 
　　　　9F 00 00 00 F3 03 00 00 ： 移動禁止
　　　　3C 00 00 00 3D AF 07 08 ： 選択のキャンセル
　　　　75 00 08 00 ： フラグ08をオフ
　　　　43 00 00 00 09 00 00 00 ：【09】
　　　　42 00 00 00 01 00 00 00 ：【01】　
　　　　A9 00 00 00 D8 87 D6 08 ： チュートリアルで移動させる座標の指定
　　　　02 00 08 00 
　　　　A6 00 00 00 20 00 10 00 61 08 00 00 62 08 00 00 ： 軍師の性別で分岐する吹き出し会話
　　　　40 00 00 00 81 3B 08 08 ： チュートリアルが終わるまでフェイズを移さない
　　　　40 00 00 00 29 B2 07 08 ： 移動先を示すカーソルを消す
　　　　9F 00 00 00 02 01 00 00 
　　　　A2 00 00 00 63 00 00 00 
　　　　A2 00 00 00 67 00 00 00 
　　　　42 00 00 00 09 00 00 00 ：【09】
　　　　0A 00 00 00 00 00 00 00 

D70804　88 00 00 00 
　　　　A9 00 00 00 D8 87 D6 08 
　　　　02 00 08 00 
　　　　A6 00 00 00 20 00 10 00 63 08 00 00 64 08 00 00 
　　　　40 00 00 00 81 3B 08 08 
　　　　40 00 00 00 29 B2 07 08 
　　　　75 00 11 00 ： フラグ11をオフ
　　　　0A 00 00 00 00 00 00 00 
　　　　
D70840　02 00 01 00 08 00 08 00 00 00 80 00 ： 戦闘内容
D7084C　88 00 00 00 
　　　　A0 00 00 00 40 08 D7 08 ： 戦闘内容の指定
　　　　0A 00 00 00 00 00 00 00 

D70860　88 00 00 00 
　　　　3C 00 00 00 55 D1 01 08 ： ユニットを行動済みにする
　　　　9F 00 00 00 00 00 00 00 ： 不明
　　　　0D 00 00 00 65 08 00 00 
　　　　09 00 00 00 
　　　　84 00 00 00 91 00 00 00 5A 00 00 00 18 00 00 00 01 00 00 00：アイテムの入手
　　　　87 00 00 00 ： スキップ解禁
　　　　02 00 20 00 
　　　　65 00 00 00 17 00 00 00 
　　　　0D 00 00 00 66 08 00 00 
　　　　09 00 00 00 
　　　　52 00 00 00 32 00 00 00 ：【32】
　　　　02 00 08 00 
　　　　A5 00 05 00 00 00 00 00 67 08 00 00 
　　　　40 00 00 00 81 3B 08 08 
　　　　42 00 00 00 32 00 00 00 ：【32】
　　　　A1 00 00 00 ： コマンド禁止を解除
　　　　A2 00 00 00 71 00 00 00 ： 特定のコマンドを消す
　　　　0A 00 00 00 00 00 00 00 
　　　
D708EC　88 00 00 00 
　　　　4C 00 01 00 01 00 00 00 17 00 00 00 ：【01】選択したユニットでの分岐
　　　　3C 00 00 00 D9 D6 01 08 
　　　　65 00 00 00 17 00 00 00 
　　　　0D 00 00 00 68 08 00 00 
　　　　09 00 00 00 
　　　　9F 00 00 00 F3 03 00 00 ： 移動禁止
　　　　3C 00 00 00 3D AF 07 08 
　　　　75 00 09 00 
　　　　43 00 00 00 09 00 00 00 ：【09】
　　　　42 00 00 00 01 00 00 00 ：【01】
　　　　A9 00 00 00 E0 87 D6 08 ： 戦闘内容の指定
　　　　02 00 32 00 
　　　　40 00 00 00 29 B2 07 08 ： 移動のカーソルを消す
　　　　9F 00 00 00 02 01 00 00 
　　　　A2 00 00 00 63 00 00 00 
　　　　A2 00 00 00 67 00 00 00 
　　　　A3 00 00 00 49 00 00 00 ： 不明
　　　　42 00 00 00 09 00 00 00 ：【09】
　　　　0A 00 00 00 00 00 00 00 

D70980　88 00 00 00 
　　　　A9 00 00 00 E0 87 D6 08 ： チュートリアルで移動させる座標の指定
　　　　02 00 32 00 
　　　　40 00 00 00 29 B2 07 08 
　　　　75 00 12 00 
　　　　0A 00 00 00 00 00 00 00 

D709A4　00 00 01 00 0A 00 08 00 00 00 80 00 ： 戦闘内容
D709B0　88 00 00 00 
　　　　3C 00 00 00 9D B2 04 08 ： メッセージの送りにキー入力を優先させる
　　　　02 00 08 00 
　　　　A5 00 00 00 10 00 10 00 69 08 00 00 
　　　　40 00 00 00 81 3B 08 08 
　　　　3C 00 00 00 BD B2 04 08 
　　　　A0 00 00 00 A4 09 D7 08 
　　　　A3 00 00 00 49 00 00 00 
　　　　0A 00 00 00 00 00 00 00 

D709F4　88 00 00 00 
　　　　9F 00 00 00 00 00 00 00 ： 不明
　　　　0D 00 00 00 6A 08 00 00 
　　　　09 00 00 00 
　　　　A1 00 00 00 
　　　　A2 00 00 00 71 00 00 00 
　　　　0A 00 00 00 00 00 00 00 

D70A20　88 00 00 00 4C 00 01 00 01 00 00 00 03 00 00 00 9F 00 00 00 F3 03 00 00 3C 00 00 00 3D AF 07 08 75 00 0A 00 43 00 00 00 09 00 00 00 42 00 00 00 01 00 00 00 02 00 08 00 A5 00 00 00 50 00 40 00 6B 08 00 00 40 00 00 00 81 3B 08 08 9F 00 00 00 02 01 00 00 A2 00 00 00 63 00 00 00 A2 00 00 00 67 00 00 00 42 00 00 00 09 00 00 00 0A 00 00 00 00 00 00 00 00 00 01 00 0A 00 08 00 04 00 00 00 00 00 80 00 88 00 00 00 A0 00 00 00 94 0A D7 08 0A 00 00 00 00 00 00 00 88 00 00 00 A9 00 00 00 E8 87 D6 08 02 00 08 00 A5 00 00 00 20 00 10 00 6C 08 00 00 40 00 00 00 81 3B 08 08 40 00 00 00 29 B2 07 08 75 00 13 00 0A 00 00 00 00 00 00 00 88 00 00 00 9F 00 00 00 00 00 00 00 A1 00 00 00 0A 00 00 00 00 00 00 00 88 00 00 00 4C 00 01 00 01 00 00 00 18 00 00 00 3C 00 00 00 D9 D6 01 08 65 00 00 00 18 00 00 00 17 00 00 00 70 08 00 00 71 08 00 00 09 00 00 00 9F 00 00 00 F3 03 00 00 3C 00 00 00 3D AF 07 08 75 00 0C 00 43 00 00 00 09 00 00 00 42 00 00 00 01 00 00 00 9F 00 00 00 02 01 00 00 A2 00 00 00 63 00 00 00 A2 00 00 00 67 00 00 00 A3 00 00 00 48 00 00 00 42 00 00 00 09 00 00 00 0A 00 00 00 00 00 00 00 88 00 00 00 A9 00 00 00 F0 87 D6 08 02 00 08 00 A5 00 00 00 70 00 50 00 72 08 00 00 40 00 00 00 81 3B 08 08 40 00 00 00 29 B2 07 08 75 00 14 00 0A 00 00 00 00 00 00 00 02 00 01 00 0A 00 08 00 00 00 80 00 88 00 00 00 3C 00 00 00 9D B2 04 08 02 00 08 00 A6 00 00 00 20 00 40 00 73 08 00 00 74 08 00 00 40 00 00 00 81 3B 08 08 3C 00 00 00 BD B2 04 08 A0 00 00 00 C4 0B D7 08 0A 00 00 00 00 00 00 00 88 00 00 00 3C 00 00 00 55 D1 01 08 9F 00 00 00 00 00 00 00 0D 00 00 00 75 08 00 00 09 00 00 00 52 00 00 00 32 00 00 00 02 00 08 00 A5 00 05 00 00 00 00 00 76 08 00 00 40 00 00 00 81 3B 08 08 42 00 00 00 32 00 00 00 02 00 20 00 65 00 00 00 17 00 00 00 0D 00 00 00 77 08 00 00 09 00 00 00 A1 00 00 00 A2 00 00 00 71 00 00 00 0A 00 00 00 00 00 00 00 88 00 00 00 4C 00 01 00 01 00 00 00 17 00 00 00 3C 00 00 00 D9 D6 01 08 65 00 00 00 17 00 00 00 0D 00 00 00 78 08 00 00 09 00 00 00 9F 00 00 00 F3 03 00 00 3C 00 00 00 3D AF 07 08 75 00 0D 00 43 00 00 00 09 00 00 00 42 00 00 00 01 00 00 00 9F 00 00 00 02 01 00 00 A2 00 00 00 63 00 00 00 A2 00 00 00 67 00 00 00 A3 00 00 00 49 00 00 00 42 00 00 00 09 00 00 00 0A 00 00 00 00 00 00 00 88 00 00 00 A9 00 00 00 F8 87 D6 08 02 00 08 00 A5 00 00 00 20 00 10 00 79 08 00 00 40 00 00 00 81 3B 08 08 40 00 00 00 29 B2 07 08 75 00 15 00 0A 00 00 00 00 00 00 00 00 00 01 00 0A 00 08 00 00 00 80 00 88 00 00 00 3C 00 00 00 9D B2 04 08 02 00 08 00 A5 00 00 00 28 00 40 00 7A 08 00 00 40 00 00 00 81 3B 08 08 3C 00 00 00 BD B2 04 08 A0 00 00 00 3C 0D D7 08 0A 00 00 00 00 00 00 00 88 00 00 00 3C 00 00 00 55 D1 01 08 9F 00 00 00 00 00 00 00 0D 00 00 00 7B 08 00 00 09 00 00 00 A1 00 00 00 A2 00 00 00 71 00 00 00 0A 00 00 00 00 00 00 00 88 00 00 00 4C 00 01 00 01 00 00 00 03 00 00 00 9F 00 00 00 F3 03 00 00 3C 00 00 00 3D AF 07 08 75 00 0E 00 43 00 00 00 09 00 00 00 42 00 00 00 01 00 00 00 02 00 08 00 A5 00 00 00 20 00 10 00 7C 08 00 00 40 00 00 00 81 3B 08 08 A9 00 00 00 00 88 D6 08 02 00 32 00 40 00 00 00 29 B2 07 08 02 00 08 00 A5 00 00 00 20 00 10 00 7D 08 00 00 40 00 00 00 81 3B 08 08 9F 00 00 00 02 01 00 00 A2 00 00 00 63 00 00 00 A2 00 00 00 64 00 00 00 42 00 00 00 09 00 00 00 0A 00 00 00 00 00 00 00 88 00 00 00 A9 00 00 00 00 88 D6 08 02 00 32 00 40 00 00 00 29 B2 07 08 75 00 16 00 0A 00 00 00 00 00 00 00 88 00 00 00 9F 00 00 00 00 00 00 00 A1 00 00 00 0A 00 00 00 00 00 00 00 88 00 00 00 4C 00 01 00 01 00 00 00 18 00 00 00 3C 00 00 00 D9 D6 01 08 65 00 00 00 18 00 00 00 17 00 00 00 82 08 00 00 83 08 00 00 09 00 00 00 9F 00 00 00 F3 03 00 00 3C 00 00 00 3D AF 07 08 75 00 10 00 43 00 00 00 09 00 00 00 42 00 00 00 01 00 00 00 74 00 9C 00 65 00 00 00 18 00 00 00 02 00 08 00 A6 00 00 00 20 00 10 00 80 08 00 00 81 08 00 00 40 00 00 00 81 3B 08 08 A9 00 00 00 08 88 D6 08 02 00 32 00 40 00 00 00 29 B2 07 08 9F 00 00 00 02 01 00 00 A2 00 00 00 5F 00 00 00 A2 00 00 00 63 00 00 00 A2 00 00 00 67 00 00 00 42 00 00 00 09 00 00 00 0A 00 00 00 00 00 00 00 88 00 00 00 A9 00 00 00 08 88 D6 08 02 00 08 00 A6 00 00 00 20 00 10 00 84 08 00 00 85 08 00 00 40 00 00 00 81 3B 08 08 40 00 00 00 29 B2 07 08 75 00 17 00 46 00 00 00 07 00 00 00 7D D9 07 08 A2 00 00 00 63 00 00 00 43 00 00 00 08 00 00 00 42 00 00 00 07 00 00 00 A1 00 00 00 42 00 00 00 08 00 00 00 0A 00 00 00 00 00 00 00 88 00 00 00 4A 00 00 00 05 00 00 00 25 00 00 00 52 00 00 00 32 00 00 00 9F 00 00 00 00 00 00 00 3C 00 00 00 9D B2 04 08 02 00 08 00 A5 00 01 00 10 00 10 00 86 08 00 00 40 00 00 00 81 3B 08 08 3C 00 00 00 BD B2 04 08 9F 00 00 00 02 01 00 00 42 00 00 00 32 00 00 00 74 00 25 00 42 00 00 00 05 00 00 00 46 00 00 00 33 00 00 00 7D D9 07 08 9F 00 00 00 00 00 00 00 43 00 00 00 37 00 00 00 42 00 00 00 33 00 00 00 A1 00 00 00 47 00 00 00 34 00 00 00 91 D9 07 08 A2 00 00 00 36 00 00 00 A2 00 00 00 67 00 00 00 52 00 00 00 37 00 00 00 3C 00 00 00 9D B2 04 08 02 00 08 00 A5 00 01 00 24 00 28 00 87 08 00 00 40 00 00 00 81 3B 08 08 3C 00 00 00 BD B2 04 08 43 00 00 00 37 00 00 00 42 00 00 00 34 00 00 00 A2 00 00 00 63 00 00 00 42 00 00 00 37 00 00 00 75 00 10 00 75 00 17 00 75 00 1D 00 75 00 26 00 A2 00 00 00 4E 00 00 00 A2 00 00 00 5F 00 00 00 A2 00 00 00 71 00 00 00 0A 00 00 00 00 00 00 00 88 00 00 00 9F 00 00 00 00 00 00 00 74 00 10 00 74 00 17 00 74 00 1D 00 74 00 26 00 47 00 00 00 0A 00 00 00 11 AF 07 08 52 00 00 00 32 00 00 00 3C 00 00 00 55 D1 01 08 02 00 08 00 A5 00 05 00 00 00 00 00 8B 08 00 00 40 00 00 00 81 3B 08 08 42 00 00 00 32 00 00 00 43 00 00 00 0B 00 00 00 42 00 00 00 0A 00 00 00 52 00 00 00 33 00 00 00 02 00 08 00 A5 00 05 00 00 00 00 00 88 08 00 00 40 00 00 00 81 3B 08 08 42 00 00 00 33 00 00 00 47 00 00 00 34 00 00 00 AD D9 07 08 17 00 00 00 89 08 00 00 8A 08 00 00 09 00 00 00 42 00 00 00 34 00 00 00 75 00 24 00 42 00 00 00 0B 00 00 00 75 00 9C 00 A1 00 00 00 0A 00 00 00 00 00 00 00 87 00 00 00 84 00 00 00 91 00 00 00 5A 00 00 00 18 00 00 00 01 00 00 00 0A 00 00 00 00 00 00 00 

D711D8　A1 00 00 00 ： コマンド禁止を解除
　　　　76 00 38 00 
　　　　02 00 40 00 
　　　　8C 00 04 00 
　　　　90 00 00 00 
　　　　3C 00 00 00 DD B2 07 08 
┗07B2DD　B5 41 24 20 1C 9D F7 07 FF 01 1C 00 29 05 D0 08 
　　　　　68 00 28 02 D0 08 1C 9C F7 00 FB 01 34 BF 2C F0 
　　　　　DD 10 BC 01 BC 00 47 10 ： 不明
　　　　05 00 22 00 
　　　　8D 00 04 00 91 00 00 00 
　　　　0D 00 00 00 8E 08 00 00 ： 会話(これで敵は全滅！)
　　　　3C 00 00 00 09 EC 00 08 
┗00EC09　B5 FA F7 EB FC 04 48 F5 F7 9A FD F7 F7 D6 FE F9 
　　　　　F7 24 F8 01 BC 00 47 70 F9 BF 08 70 47 00 00 70 
　　　　　47 00 00 00 ： 顔グラと吹き出しを消す
　　　　DD 00 00 00 01 00 00 00 
　　　　02 00 00 00 
　　　　02 00 40 00 
　　　　D2 00 00 00 8F 08 00 00 01 00 00 00 
　　　　7A 00 06 00 
　　　　DC 00 00 00 22 00 00 00 
　　　　02 00 00 00 
　　　　76 00 3F 00 
　　　　0D 00 00 00 90 08 00 00 
　　　　11 00 00 00 91 08 00 00 
　　　　76 00 38 00 
　　　　14 00 00 00 
　　　　8C 00 04 00 
　　　　90 00 00 00 
　　　　02 00 00 00 
　　　　05 00 22 00 
　　　　8D 00 04 00 91 00 00 00 
　　　　0D 00 00 00 92 08 00 00 
　　　　1C 00 00 00 
　　　　02 00 40 00 
　　　　11 00 00 00 93 08 00 00 
　　　　8C 00 04 00 90 00 00 00 
　　　　05 00 5B 00 
　　　　CC 00 00 00 DC 8E D8 08 
┗D88EDC　75 00 9D 00 
　　　　　53 00 00 00 05 00 00 00 17 00 00 00 76 00 00 00 ：【05】ケントが生きている場合、42に飛ぶ
　　　　　92 00 00 00 ： 画面暗転＋画面表示
　　　　　90 00 00 00 ： 不明
　　　　　08 00 00 00 ： 背景を変え、BGMを2C(悲しみの中で)に変える
　　　　　8D 00 04 00 91 00 00 00 
　　　　　0D 00 00 00 B7 07 00 00 ： 会話(ケントがこの章で敗北した場合)
　　　　　42 00 00 00 05 00 00 00 ：【05】
　　　　　53 00 00 00 06 00 00 00 18 00 00 00 77 00 00 00 ：【06】セインが生きている場合、42に飛ぶ
　　　　　92 00 00 00 ： 画面暗転＋画面表示
　　　　　90 00 00 00 ： 不明
　　　　　08 00 00 00 ： 背景を変え、BGMを2C(悲しみの中で)に変える
　　　　　8D 00 04 00 91 00 00 00 
　　　　　0D 00 00 00 B9 07 00 00 
　　　　　42 00 00 00 06 00 00 00 ：【06】
　　　　　53 00 00 00 07 00 00 00 1D 00 00 00 79 00 00 00 ：【07】フロリーナが生きている場合、42に飛ぶ 
　　　　　92 00 00 00 
　　　　　90 00 00 00 
　　　　　08 00 00 00 
　　　　　8D 00 04 00 91 00 00 00 
　　　　　0D 00 00 00 BB 07 00 00 
　　　　　42 00 00 00 07 00 00 00 ：【07】
　　　　　53 00 00 00 08 00 00 00 0D 00 00 00 72 00 00 00 
　　　　　92 00 00 00 
　　　　　90 00 00 00 
　　　　　08 00 00 00 
　　　　　8D 00 04 00 91 00 00 00 
　　　　　0D 00 00 00 BD 07 00 00 
　　　　　42 00 00 00 08 00 00 00 
　　　　　53 00 00 00 09 00 00 00 23 00 00 00 7A 00 00 00 
　　　　　92 00 00 00 
　　　　　90 00 00 00 
　　　　　08 00 00 00 
　　　　　8D 00 04 00 91 00 00 00 
　　　　　0D 00 00 00 C8 07 00 00 
　　　　　42 00 00 00 09 00 00 00 
　　　　　53 00 00 00 0A 00 00 00 26 00 00 00 7B 00 00 00 
　　　　　92 00 00 00 
　　　　　90 00 00 00 
　　　　　08 00 00 00 
　　　　　8D 00 04 00 91 00 00 00 
　　　　　0D 00 00 00 CC 07 00 00 
　　　　　42 00 00 00 0A 00 00 00 
　　　　　53 00 00 00 0B 00 00 00 08 00 00 00 71 00 00 00 ：【0B】ドルカスが生きている場合、42に飛ぶ 
　　　　　46 00 00 00 0B 00 00 00 75 FC 07 08 ：【0B】
　┗07FC75　21 03 48 80 7B 04 28 00 D1 01 21 08 1C 70 47 F4 
　　　　　　BB 02 02 00 ： 不明
　　　　　A4 03 02 00 20 70 47 00 ： 不明
　　　　　92 00 00 00 
　　　　　90 00 00 00 
　　　　　08 00 00 00 
　　　　　8D 00 04 00 91 00 00 00 
　　　　　0D 00 00 00 BF 07 00 00 
　　　　　42 00 00 00 0B 00 00 00 ：【0B】
　　　　　53 00 00 00 16 00 00 00 11 00 00 00 74 00 00 00 
　　　　　46 00 00 00 16 00 00 00 89 FC 07 08 
　┗07FC89　21 03 48 80 7B 05 28 00 D1 01 21 08 1C 70 47 F4 
　　　　　　BB 02 02 00 ： 不明
　　　　　92 00 00 00 
　　　　　90 00 00 00 
　　　　　08 00 00 00 
　　　　　8D 00 04 00 91 00 00 00 
　　　　　4B 00 00 00 15 00 00 00 75 00 00 00 ：【15】フラグ75に関する条件分岐
　　　　　0D 00 00 00 C1 07 00 00 ： 
　　　　　43 00 00 00 16 00 00 00 ：【16】
　　　　　42 00 00 00 15 00 00 00 ：【15】
　　　　　0D 00 00 00 C2 07 00 00 
　　　　　42 00 00 00 16 00 00 00 ：【16】
　　　　　53 00 00 00 0D 00 00 00 13 00 00 00 75 00 00 00 
　　　　　46 00 00 00 0D 00 00 00 89 FC 07 08 
　　　　　92 00 00 00 
　　　　　90 00 00 00 
　　　　　08 00 00 00 
　　　　　8D 00 04 00 91 00 00 00 
　　　　　0D 00 00 00 C4 07 00 00 
　　　　　42 00 00 00 0D 00 00 00 
　　　　　53 00 00 00 0E 00 00 00 1C 00 00 00 78 00 00 00 
　　　　　46 00 00 00 0E 00 00 00 9D FC 07 08 
　　　　　92 00 00 00 
　　　　　90 00 00 00 
　　　　　08 00 00 00 
　　　　　8D 00 04 00 91 00 00 00 
　　　　　0D 00 00 00 C6 07 00 00 
　　　　　42 00 00 00 0E 00 00 00 
　　　　　53 00 00 00 0F 00 00 00 10 00 00 00 73 00 00 00 
　　　　　92 00 00 00 
　　　　　90 00 00 00 
　　　　　08 00 00 00 
　　　　　8D 00 04 00 91 00 00 00 
　　　　　0D 00 00 00 CA 07 00 00 
　　　　　42 00 00 00 0F 00 00 00 
　　　　　53 00 00 00 10 00 00 00 2C 00 00 00 7C 00 00 00 
　　　　　92 00 00 00 
　　　　　90 00 00 00 
　　　　　08 00 00 00 
　　　　　8D 00 04 00 91 00 00 00 
　　　　　0D 00 00 00 CE 07 00 00 
　　　　　42 00 00 00 10 00 00 00 
　　　　　4B 00 00 00 63 00 00 00 9D 00 00 00 ：【63】
　　　　　78 00 06 00 
　　　　　75 00 9D 00 
　　　　　42 00 00 00 63 00 00 00 ：【63】
　　　　　0A 00 00 00 00 00 00 00 ： イベント一区切り
　　　　98 00 00 00 ： 不明
　　　　7F 00 02 00 
　　　　02 00 01 00 01 00 00 00 
　　　　0A 00 00 00 00 00 00 00

■この章で使われたフラグ
9D、72、73、74、75、76、77、78、79、7A、7B、7C