※作業の高速化のため表記を省略しています。

２章　精霊の剣

離脱ポイントX: Y:

■ワールドマップシーン
DB131C　85 00 00 00 
　　　　97 00 00 00 51 64 0B 08 
　　　　AD 00 00 00 01 00 00 00 20 03 00 00 1C 00 00 00 
　　　　02 00 10 00 
　　　　87 00 00 00 
　　　　02 00 3C 00 
　　　　BE 00 00 00 00 00 00 00 A8 03 4D 00 01 00 00 00 00 00 00 00 
　　　　B8 00 00 00 00 00 00 00 A8 03 4D 00 02 00 00 00 00 00 00 00 
　　　　02 00 00 00 
　　　　B5 00 00 00 
　　　　B4 00 00 00 89 06 00 00 
　　　　C2 00 00 00 10 03 00 00 08 00 00 00 00 00 00 00 ： 画面移動
　　　　BE 00 00 00 01 00 00 00 D4 03 3C 00 00 00 00 00 00 00 00 00 
　　　　CB 00 00 00 ： 不明
　　　　02 00 01 00 
　　　　CA 00 00 00 D4 03 3C 00 
　　　　14 00 00 00 
　　　　CB 00 00 00 ： 不明
　　　　02 00 01 00 
　　　　B2 00 00 00 00 00 00 00 16 00 00 00 34 05 00 00 00 00 00 00 
　　　　02 00 06 00 
　　　　14 00 00 00 
　　　　B8 00 00 00 00 00 00 00 D4 03 3C 00 00 00 00 00 00 00 00 00 
　　　　02 00 00 00 
　　　　14 00 00 00 
　　　　02 00 3C 00 
　　　　CB 00 00 00 ： 不明
　　　　7A 00 04 00 
　　　　AE 00 00 00 
　　　　AF 00 00 00 
　　　　02 00 3C 00 
　　　　00 00 00 00

■イベント条件群

−ターン条件−
D68984　02 00 00 00 D4 12 D7 08 01 00 00 00 00 00 00 00 
　　　　02 00 00 00 10 15 D7 08 01 00 00 00 00 00 00 00 
　　　　00 00 00 00 
　　　　02 00 00 00 74 15 D7 08 02 00 00 00 00 00 00 00 
　　　　02 00 00 00 B0 15 D7 08 03 00 00 00 00 00 00 00 
　　　　00 00 00 00 ： ターン条件終わり
−会話条件−
D689CC　00 00 00 00 ： 会話条件終わり
−オブジェクト指定−
D689D0　05 00 03 00 01 00 00 00 0B 01 0F 00 
　　　　05 00 00 00 E4 15 D7 08 01 07 0E 00 
　　　　05 00 00 00 1C 16 D7 08 00 09 0E 00 
　　　　05 00 00 00 54 16 D7 08 00 07 0E 00 
　　　　00 00 00 00 
　　　　01 00 07 00 8C 16 D7 08 06 00 00 00 
　　　　01 00 09 00 30 17 D7 08 08 00 00 00 
　　　　01 00 0B 00 EC 17 D7 08 0A 00 00 00 
　　　　00 00 00 00 
　　　　00 07 00 00 FF 00 00 00 
　　　　01 07 00 00 FF 00 00 00 
　　　　00 09 00 00 FF 00 00 00 
　　　　0F 00 0E 00 2C 8A D6 08 1C 19 D7 08 07 00 00 00 
　　　　0F 00 0F 00 34 8A D6 08 58 19 D7 08 09 00 00 00 
　　　　0F 00 10 00 34 8A D6 08 98 19 D7 08 0C 00 00 00 
　　　　0F 00 10 00 3C 8A D6 08 98 19 D7 08 0D 00 00 00 
　　　　00 00 00 00 
　　　　00 00 00 00  ： オブジェクト指定終わり
−常時条件＆範囲条件−
D68A8C　01 00 11 00 18 1A D7 08 07 00 00 00 
　　　　01 00 12 00 F0 1A D7 08 09 00 00 00 
　　　　01 00 13 00 2C 1B D7 08 09 00 00 00 
　　　　01 00 14 00 90 1B D7 08 0B 00 00 00 
　　　　01 00 00 00 1C F7 D6 08 65 00 00 00 
　　　　01 00 15 00 D4 1B D7 08 02 00 00 00 
　　　　00 00 00 00 ： 常時条件＆範囲条件終わり

−アドレス群−
D68AD8　84 89 D6 08 ： ターン条件へ
　　　　CC 89 D6 08 ： 会話条件へ
　　　　D0 89 D6 08 ： オブジェクト指定へ
　　　　8C 8A D6 08 ： 常時条件＆範囲条件へ
　　　　26 F4 D6 08 ： アーチの配置
　　　　8A F5 D6 08 ： ？
　　　　DC E2 D8 08 ： 敵軍初期配置
　　　　DC E2 D8 08 ： 敵軍初期配置
　　　　DC E2 D8 08 ： 敵軍初期配置
　　　　DC E2 D8 08 ： 敵軍初期配置
　　　　7C E2 D8 08 ： 自軍初期配置(未使用？)
　　　　7C E2 D8 08 ： 自軍初期配置
　　　　7C E2 D8 08 ： 自軍初期配置(未使用？)
　　　　7C E2 D8 08 ： 自軍初期配置(未使用？)
　　　　D4 12 D7 08 ： 開始イベント
　　　　08 1C D7 08 ： 終了イベント
     
■イベント内容
D712D4　3B 00 00 00 
　　　　3C 00 00 00 21 8C 01 08 ： 不明
　　　　30 00 00 00 5C E3 D8 08 ： 司祭の読み込み
　　　　30 00 00 00 7C E3 D8 08 ： 市民の読み込み
　　　　39 00 00 00 
　　　　0C 00 00 00 
　　　　02 00 40 00 
　　　　30 00 00 00 7C E2 D8 08 ： 自軍の読み込み
　　　　39 00 00 00 
　　　　24 00 00 00 03 00 00 00 02 00 03 00 
　　　　24 00 00 00 18 00 00 00 01 00 04 00 
　　　　24 00 00 00 17 00 00 00 00 00 04 00 
　　　　30 00 00 00 BC E2 D8 08 ： 軍師の読み込み
　　　　39 00 00 00 
　　　　8C 00 10 00 90 00 00 00 
　　　　05 00 22 00 
　　　　8D 00 10 00 91 00 00 00 
　　　　0D 00 00 00 98 08 00 00 09 00 00 00 
　　　　30 00 00 00 EC E2 D8 08 ： 敵の読み込み
　　　　39 00 00 00 
　　　　26 00 00 00 8D 00 00 00 B4 12 D7 08 
　　　　39 00 00 00 
　　　　76 00 32 00 
　　　　8C 00 10 00 90 00 00 00 
　　　　05 00 4F 00 
　　　　02 00 20 00 
　　　　8D 00 10 00 91 00 00 00 
　　　　0D 00 00 00 99 08 00 00 09 00 00 00 
　　　　25 00 00 00 DA 00 00 00 0D 00 01 00 30 00 00 00 
　　　　39 00 00 00 
　　　　02 00 20 00 
　　　　24 00 00 00 8D 00 00 00 0B 00 01 00 
　　　　39 00 00 00 
　　　　02 00 40 00 
　　　　8C 00 10 00 90 00 00 00 
　　　　05 00 4F 00 
　　　　8D 00 10 00 91 00 00 00 
　　　　0D 00 00 00 9A 08 00 00 09 00 00 00 
　　　　7D 00 B1 00 
　　　　5D 00 01 00 ： マップ変化
　　　　24 00 00 00 8D 00 00 00 0C 00 01 00 
　　　　39 00 00 00 
　　　　25 00 00 00 DA 00 00 00 0D 00 FF FF 30 00 00 00 
　　　　39 00 00 00 
　　　　69 00 00 00 DA 00 00 00 ： ユニットを消す
　　　　24 00 00 00 8D 00 00 00 0D 00 01 00 
　　　　39 00 00 00 
　　　　7D 00 B1 00 
　　　　5D 00 00 80 ： マップ変化を戻す
　　　　02 00 3C 00 
　　　　24 00 00 00 8D 00 00 00 0B 00 01 00 
　　　　39 00 00 00 
　　　　8C 00 10 00 90 00 00 00 
　　　　05 00 4F 00 
　　　　8D 00 10 00 91 00 00 00 
　　　　0D 00 00 00 9B 08 00 00 09 00 00 00 
　　　　02 00 40 00 
　　　　26 00 00 00 DB 00 00 00 B9 12 D7 08 
　　　　39 00 00 00 
　　　　8C 00 10 00 90 00 00 00 
　　　　05 00 22 00 
　　　　69 00 00 00 DB 00 00 00 ： ユニットを消す
　　　　8D 00 10 00 91 00 00 00 
　　　　0D 00 00 00 9C 08 00 00 09 00 00 00 
　　　　3C 00 00 00 79 8C 01 08 ： 死んだユニットは登場させない
　　　　24 00 00 00 03 00 00 00 00 00 04 00 
　　　　39 00 00 00 
　　　　26 00 00 00 CD 00 00 00 C4 12 D7 08 
　　　　39 00 00 00 
　　　　69 00 00 00 CD 00 00 00 
D714D4　29 00 00 00 17 00 10 00 01 00 05 00 C8 12 D7 08 ： 移動指定
┗D712C8　0C 10 03 04 ： 反映されておらず不明
　　　　29 00 00 00 18 00 10 00 01 00 03 00 CC 12 D7 08 ： 移動指定
┗D712CC　0C 10 00 03 04 ： 反映されておらず不明
　　　　39 00 00 00 
　　　　3C 00 00 00 4D B2 07 08 ： 不明
　　　　3C 00 00 00 E9 D9 07 08 
┗07D9E9　B5 9C F7 5B FA 9B F7 7D FF A8 F7 DD F8 01 BC 00 
　　　　　47 00 00 00 ： 不明
　　　　0A 00 00 00 00 00 00 00

D71510　4F 00 01 00 63 00 00 00 76 00 30 00 52 00 00 00 32 00 00 00 88 00 00 00 02 00 08 00 A5 00 05 00 00 00 00 00 9D 08 00 00 40 00 00 00 81 3B 08 08 42 00 00 00 32 00 00 00 0D 00 00 00 9E 08 00 00 09 00 00 00 74 00 06 00 A1 00 00 00 A2 00 00 00 71 00 00 00 42 00 00 00 63 00 00 00 0A 00 00 00 00 00 00 00 52 00 00 00 32 00 00 00 64 00 00 00 02 00 02 00 88 00 00 00 02 00 08 00 A5 00 05 00 00 00 00 00 B6 08 00 00 40 00 00 00 81 3B 08 08 42 00 00 00 32 00 00 00 0A 00 00 00 00 00 00 00 52 00 00 00 32 00 00 00 88 00 00 00 02 00 08 00 A5 00 05 00 00 00 00 00 B7 08 00 00 40 00 00 00 81 3B 08 08 42 00 00 00 32 00 00 00 0A 00 00 00 00 00 00 00

D715E4　9F 00 00 00 00 00 00 00 
　　　　7B 00 00 00 
　　　　8C 00 10 00 90 00 00 00 
　　　　05 00 01 00 
　　　　8D 00 10 00 91 00 00 00 
　　　　0D 00 00 00 B3 08 00 00 09 00 00 00 
　　　　7C 00 00 00 
　　　　0A 00 00 00 00 00 00 00

D7162C　9F 00 00 00 00 00 00 00 
　　　　7B 00 00 00 
　　　　8C 00 10 00 90 00 00 00 
　　　　05 00 01 00 
　　　　8D 00 10 00 91 00 00 00 
　　　　0D 00 00 00 B4 08 00 00 09 00 00 00 
　　　　7C 00 00 00 
　　　　0A 00 00 00 00 00 00 00 

D71654　9F 00 00 00 00 00 00 00
　　　　7B 00 00 00 
　　　　8C 00 10 00 90 00 00 00 
　　　　05 00 01 00 
　　　　8D 00 10 00 91 00 00 00 
　　　　0D 00 00 00 B5 08 00 00 09 00 00 00 
　　　　7C 00 00 00 
　　　　0A 00 00 00 00 00 00 00

D7168C　88 00 00 00 ： 不明
　　　　4C 00 01 00 01 00 00 00 03 00 00 00 ：【01】フラグ03がオフの場合？
　　　　3C 00 00 00 D9 D6 01 08 
┗01D6D9　B5 02 48 E7 F7 34 F8 01 BC 00 47 70 28 C0 08 10 ： 不明
　　　　65 00 00 00 03 00 00 00 
　　　　0D 00 00 00 9F 08 00 00 09 00 00 00 ： チュートリアル会話(私が最初に)
　　　　9F 00 00 00 F3 03 00 00 
　　　　3C 00 00 00 3D AF 07 08 
┗07AF3D　B5 03 48 04 21 89 F7 15 FA 01 BC 00 47 00 00 70 
　　　　　F7 D6 08 30 ： 不明
　　　　75 00 07 00 
　　　　43 00 00 00 09 00 00 00 ：【09】
　　　　42 00 00 00 01 00 00 00 ：【01】
　　　　A9 00 00 00 2C 8A D6 08 
┗D68A2C　00 07 00 00 FF 00 00 00 ： 強制的に移動させるマスの指定？
　　　　02 00 08 00 
　　　　A5 00 00 00 38 00 38 00 A0 08 00 00 
　　　　40 00 00 00 81 3B 08 08 ： チュートリアルメッセージを表示しきるまで自軍フェイズに移行させない
　　　　40 00 00 00 29 B2 07 08 ： 移動先を示すカーソルを消す
　　　　9F 00 00 00 02 01 00 00 
　　　　A2 00 00 00 63 00 00 00 
　　　　A2 00 00 00 67 00 00 00 
　　　　42 00 00 00 09 00 00 00 ：【09】
　　　　87 00 00 00 
　　　　0A 00 00 00 00 00 00 00


D71C08　A1 00 00 00 
　　　　76 00 38 00 
　　　　02 00 40 00 
　　　　8C 00 10 00 90 00 00 00 
　　　　3C 00 00 00 2D B3 07 08 ： 不明
　　　　30 00 00 00 5C E3 D8 08 ： 司祭の読み込み
　　　　2D 00 00 00 03 00 00 00 0B 00 02 00 
　　　　2D 00 00 00 17 00 00 00 0A 00 05 00 
　　　　2D 00 00 00 18 00 00 00 0C 00 05 00 
　　　　05 00 4F 00 
　　　　8D 00 10 00 91 00 00 00 
　　　　0D 00 00 00 BB 08 00 00 
　　　　7A 00 04 00 
　　　　02 00 3C 00 
　　　　02 00 20 00 
　　　　7D 00 6C 02 ： 
　　　　8E 00 10 00 90 00 00 00 
　　　　1C 00 00 00 
　　　　02 00 03 00 
　　　　8F 00 10 00 91 00 00 00 
　　　　11 00 00 00 BC 08 00 00 
　　　　7D 00 EB 02 ：
　　　　8E 00 04 00 90 00 00 00 
　　　　1C 00 00 00 
　　　　02 00 0A 00 
　　　　8F 00 04 00 91 00 00 00 
　　　　11 00 00 00 BD 08 00 00 
　　　　8E 00 10 00 90 00 00 00 
　　　　3C 00 00 00 09 EC 00 08 ： 顔グラと吹き出しを消す
　　　　7D 00 DA 02 ：
　　　　02 00 20 00 
　　　　D6 00 02 00 ： CG
　　　　8F 00 10 00 91 00 00 00 
　　　　02 00 3C 00 
　　　　D2 00 00 00 BE 08 00 00 01 00 00 00 
　　　　78 00 06 00 ： BGMを元に戻す
　　　　D4 00 00 00 BF 08 00 00 01 00 00 00 ： CG用会話
　　　　D4 00 00 00 C0 08 00 00 01 00 00 00 
　　　　04 00 3C 00 ： CGシーン用のウェイト？
　　　　8C 00 10 00 90 00 00 00 
　　　　3C 00 00 00 D1 B3 07 08 ： 会話シーンからマップに画面を移す
　　　　05 00 4F 00 
　　　　8D 00 04 00 91 00 00 00 
　　　　76 00 3F 00 
　　　　0D 00 00 00 C1 08 00 00 09 00 00 00 
　　　　84 00 00 00 91 00 00 00 5A 00 00 00 03 00 00 00 0A 00 00 00 
　　　　87 00 00 00 
　　　　02 00 20 00 
　　　　8C 00 04 00 90 00 00 00 
　　　　02 00 40 00 
　　　　05 00 22 00 
　　　　8D 00 04 00 91 00 00 00 
　　　　0D 00 00 00 C2 08 00 00 
　　　　7A 00 08 00 
　　　　CC 00 00 00 DC 8E D8 08 ： リン編負傷イベント
　　　　98 00 00 00 
　　　　8C 00 04 00 90 00 00 00 
　　　　3C 00 00 00 2D B3 07 08 ： マップのユニットを消す
　　　　82 00 00 00 0B 00 00 00 02 00 00 00 10 00 00 00 ： マップの読み込み
　　　　02 00 80 00 
　　　　76 00 53 00 
　　　　8D 00 02 00 91 00 00 00 
　　　　DA 00 00 00 E8 05 00 00 10 00 0C 00 ： マップ名の表示
　　　　02 00 64 00 
　　　　DB 00 00 00 ： マップ名を消す
　　　　02 00 10 00 
　　　　64 00 00 00 02 00 10 00 
　　　　02 00 20 00 
　　　　8C 00 10 00 90 00 00 00 
　　　　05 00 10 00 
　　　　8D 00 10 00 91 00 00 00 
　　　　0D 00 00 00 C3 08 00 00 
　　　　8C 00 04 00 90 00 00 00 
　　　　05 00 5B 00 
　　　　83 00 02 00 ： マップの移動
　　　　7F 00 03 00 
　　　　02 00 01 00 01 00 00 00 
　　　　0A 00 00 00 00 00 00 00

■この章で使われたフラグ
