※作業の高速化のため表記を省略しています。

３章　小さな傭兵団

離脱ポイントX: Y:

■ワールドマップシーン
DB1410　85 00 00 00 
　　　　97 00 00 00 51 64 0B 08 
　　　　AD 00 00 00 01 00 00 00 10 03 00 00 1C 00 00 00 
　　　　02 00 10 00 
　　　　87 00 00 00 
　　　　02 00 3C 00 
　　　　B8 00 00 00 00 00 00 00 D4 03 3C 00 02 00 00 00 00 00 00 00 
　　　　02 00 00 00 
　　　　BE 00 00 00 00 00 00 00 D4 03 3C 00 01 00 00 00 00 00 00 00 
　　　　B5 00 00 00 
　　　　B4 00 00 00 8A 06 00 00 
　　　　B2 00 00 00 00 00 00 00 30 00 00 00 92 02 00 00 00 00 00 00 
　　　　02 00 06 00 
　　　　B2 00 00 00 01 00 00 00 2F 00 00 00 BC 02 00 00 00 00 00 00 
　　　　02 00 06 00 
　　　　14 00 00 00 
　　　　B3 00 00 00 00 00 00 00 00 02 00 00 00 00 00 00 ： 顔グラを消す
　　　　B3 00 00 00 01 00 00 00 00 02 00 00 00 00 00 00 ： 顔グラを消す
　　　　B2 00 00 00 00 00 00 00 16 00 00 00 34 05 00 00 10 00 00 00 
　　　　14 00 00 00 
　　　　B3 00 00 00 00 00 00 00 00 01 00 00 00 00 00 00 ： 顔グラを消す
　　　　C2 00 00 00 20 01 08 01 04 00 00 00 00 00 00 00 ： 画面の移動
　　　　02 00 3C 00 
　　　　BE 00 00 00 01 00 00 00 9A 01 52 01 01 00 00 00 00 00 00 00 
　　　　CB 00 00 00 ： 不明
　　　　02 00 01 00 
　　　　CA 00 00 00 9A 01 52 01 
　　　　14 00 00 00 
　　　　CB 00 00 00 ： 不明
　　　　02 00 01 00 
　　　　C2 00 00 00 F0 02 20 00 04 00 00 00 00 00 00 00 ： 画面の移動
　　　　02 00 1E 00 
　　　　BF 00 00 00 01 00 00 00 ： 丸を消す
　　　　BE 00 00 00 01 00 00 00 56 03 5D 00 00 00 00 00 00 00 00 00 
　　　　CB 00 00 00 ： 不明
　　　　02 00 01 00 
　　　　CA 00 00 00 56 03 5D 00 
　　　　14 00 00 00 
　　　　CB 00 00 00 ： 不明
　　　　02 00 01 00 
　　　　B2 00 00 00 00 00 00 00 8B 00 00 00 34 05 00 00 00 00 00 00 
　　　　02 00 06 00 
　　　　B8 00 00 00 01 00 00 00 56 03 5D 00 39 20 00 00 00 00 00 00 
　　　　02 00 00 00 
　　　　14 00 00 00 
　　　　BE 00 00 00 01 00 00 00 78 03 70 00 01 00 00 00 00 00 00 00 
　　　　B8 00 00 00 01 00 00 00 78 03 70 00 00 00 01 00 00 00 00 00 
　　　　02 00 00 00 
　　　　B8 00 00 00 00 00 00 00 A8 03 64 00 00 00 00 00 00 00 00 00 
　　　　02 00 00 00 
　　　　B8 00 00 00 00 00 00 00 78 03 70 00 00 08 00 00 00 00 00 00 
　　　　02 00 00 00 
　　　　14 00 00 00 
　　　　B8 00 00 00 02 00 00 00 64 03 40 00 32 00 00 00 00 00 00 00 
　　　　02 00 00 00 
　　　　B8 00 00 00 02 00 00 00 6E 03 58 00 00 00 00 00 00 00 00 00 
　　　　02 00 00 00 
　　　　B8 00 00 00 02 00 00 00 78 03 70 00 00 14 03 00 00 00 00 00 
　　　　02 00 00 00 
　　　　02 00 1E 00 
　　　　02 00 3C 00 
　　　　CB 00 00 00 ： 不明
　　　　7A 00 04 00 
　　　　AE 00 00 00 
　　　　AF 00 00 00 
　　　　02 00 3C 00 
　　　　00 00 00 00

■イベント条件群

−ターン条件−
D68B18　02 00 00 00 6C 1E D7 08 01 00 00 00 00 00 00 00 
　　　　02 00 00 00 F8 20 D7 08 01 00 00 00 00 00 00 00 
　　　　00 00 00 00 
　　　　02 00 00 00 60 21 D7 08 02 00 00 00 00 00 00 00 
　　　　02 00 14 00 AC 21 D7 08 03 00 00 00 05 00 00 00 ： ウィルが出てくる
　　　　00 00 00 00 ： ターン条件終わり
−会話条件−
D68B60　00 00 00 00 ： 会話条件終わり
−オブジェクト指定−
D68B64　0A 00 00 00 AC F1 D6 08 0D 07 13 00 
　　　　06 00 14 00 FC 21 D7 08 03 06 0E 00 05 00 14 00 01 00 00 00 03 05 1D 00 
　　　　06 00 15 00 6C 22 D7 08 02 02 0E 00 05 00 15 00 01 00 00 00 02 01 1D 00 
　　　　00 00 00 00 ： オブジェクト指定終わり

　　　　01 00 09 00 DC 22 D7 08 08 00 00 00 
　　　　01 00 0A 00 84 23 D7 08 09 00 00 00 
　　　　01 00 0B 00 2C 24 D7 08 0A 00 00 00 
　　　　00 00 00 00 
　　　　03 06 00 00 FF 00 00 00 
　　　　05 06 00 00 FF 00 00 00 
　　　　04 04 00 00 FF 00 00 00 
　　　　0F 00 0C 00 CC 8B D6 08 DC 24 D7 08 09 00 00 00 
　　　　0F 00 0D 00 D4 8B D6 08 18 25 D7 08 0A 00 00 00 
　　　　0F 00 0E 00 DC 8B D6 08 60 25 D7 08 0B 00 00 00 
　　　　00 00 00 00 
　　　　01 00 0F 00 A0 25 D7 08 0D 00 00 00 
　　　　01 00 10 00 B8 25 D7 08 0E 00 00 00 
　　　　00 00 00 00　 
−常時条件＆範囲条件−
D68C34　0E 00 00 00 B0 26 D7 08 5D AA 07 08 ： 勝利条件 敵全滅
　　　　01 00 11 00 CC 25 D7 08 0C 00 00 00 
　　　　01 00 12 00 18 26 D7 08 0D 00 00 00 
　　　　01 00 13 00 68 26 D7 08 0E 00 00 00 
　　　　01 00 00 00 1C F7 D6 08 65 00 00 00 ： ゲームオーバー
　　　　00 00 00 00 ： 常時条件＆範囲条件終わり

−アドレス群−
D68C74　18 8B D6 08 ： ターン条件へ
　　　　60 8B D6 08 ： 会話条件へ
　　　　64 8B D6 08 ： オブジェクト指定へ
　　　　34 8C D6 08 ： 常時条件＆範囲条件へ
　　　　27 F4 D6 08 ： アーチの配置
　　　　8B F5 D6 08 ： ？
　　　　7C E4 D8 08 ： 敵軍初期配置
　　　　7C E4 D8 08 ： 敵軍初期配置
　　　　7C E4 D8 08 ： 敵軍初期配置
　　　　7C E4 D8 08 ： 敵軍初期配置
　　　　1C E4 D8 08 ： 自軍初期配置(未使用？)
　　　　1C E4 D8 08 ： 自軍初期配置
　　　　1C E4 D8 08 ： 自軍初期配置(未使用？)
　　　　1C E4 D8 08 ： 自軍初期配置(未使用？)
　　　　6C 1E D7 08 ： 開始イベント
　　　　B0 26 D7 08 ： 終了イベント

       
■イベント内容
D71E6C　3B 00 00 00 
　　　　3C 00 00 00 21 8C 01 08 
　　　　02 00 40 00 
　　　　30 00 00 00 1C E4 D8 08 
　　　　39 00 00 00 
　　　　25 00 00 00 03 00 00 00 0C 00 03 00 10 00 00 00 
　　　　02 00 0A 00 
　　　　25 00 00 00 17 00 00 00 0C 00 04 00 18 00 00 00 
　　　　02 00 0A 00 
　　　　30 00 00 00 4C E4 D8 08 
　　　　39 00 00 00 
　　　　02 00 20 00 
　　　　8C 00 10 00 90 00 00 00 
　　　　05 00 09 00 
　　　　8D 00 10 00 91 00 00 00 
　　　　0D 00 00 00 C4 08 00 00 09 00 00 00 ： 会話(これは…)
　　　　25 00 00 00 17 00 00 00 0A 00 06 00 10 00 00 00 
　　　　02 00 10 00 
　　　　25 00 00 00 18 00 00 00 0B 00 06 00 10 00 00 00 
　　　　02 00 10 00 
　　　　25 00 00 00 03 00 00 00 0B 00 05 00 10 00 00 00 
　　　　02 00 10 00 
　　　　25 00 00 00 CD 00 00 00 0C 00 05 00 10 00 00 00 
　　　　39 00 00 00 
　　　　02 00 40 00 
　　　　30 00 00 00 8C E4 D8 08 
　　　　39 00 00 00 
　　　　02 00 20 00 
　　　　76 00 67 00 
　　　　8C 00 10 00 90 00 00 00 
　　　　05 00 02 00 
　　　　8D 00 10 00 91 00 00 00 
　　　　0D 00 00 00 C5 08 00 00 09 00 00 00 ： 会話(おう、おう、おう)
　　　　25 00 00 00 17 00 00 00 07 00 08 00 18 00 00 00 
　　　　02 00 10 00 
　　　　26 00 00 00 18 00 00 00 54 1E D7 08 
　　　　02 00 10 00 
　　　　25 00 00 00 03 00 00 00 08 00 08 00 18 00 00 00 
　　　　02 00 10 00 
　　　　26 00 00 00 CD 00 00 00 5E 1E D7 08 
　　　　39 00 00 00 
　　　　76 00 32 00 
　　　　0D 00 00 00 C6 08 00 00 09 00 00 00 ： 会話(リンディス様)
　　　　24 00 00 00 03 00 00 00 05 00 08 00 
　　　　39 00 00 00 
　　　　8C 00 10 00 90 00 00 00 
　　　　05 00 02 00 
　　　　8D 00 10 00 91 00 00 00 
　　　　7B 00 00 00 
　　　　0D 00 00 00 C7 08 00 00 ： 会話(フロリーナ！？)
　　　　7C 00 00 00 
　　　　14 00 00 00 
　　　　09 00 00 00 
　　　　26 00 00 00 8E 00 00 00 37 1E D7 08 
　　　　02 00 10 00 
　　　　23 00 00 00 02 00 08 00 46 1E D7 08 ： 移動指定
┗D71E46　0C 18 00 03 03 03 03 01 01 01 03 03 03 04
　　　　02 00 04 00 
　　　　26 00 00 00 03 00 00 00 18 1E D7 08 
　　　　26 00 00 00 17 00 00 00 18 1E D7 08 
　　　　26 00 00 00 18 00 00 00 18 1E D7 08 
　　　　26 00 00 00 CD 00 00 00 18 1E D7 08 
　　　　39 00 00 00 
　　　　76 00 32 00 
　　　　0D 00 00 00 C8 08 00 00 09 00 00 00 ： 会話(おい！　でてこいや)
　　　　30 00 00 00 CC E4 D8 08 
　　　　02 00 0A 00 
　　　　24 00 00 00 8E 00 00 00 0D 00 00 00 
　　　　02 00 08 00 
　　　　21 00 00 00 04 00 01 00 08 00 04 00 ： 雑魚の移動指定
　　　　39 00 00 00 
　　　　0D 00 00 00 C9 08 00 00 09 00 00 00 ： 会話(応戦するわよ！)
　　　　7A 00 04 00 
　　　　3C 00 00 00 79 8C 01 08 ： 不明
　　　　24 00 00 00 03 00 00 00 01 00 08 00 
　　　　29 00 00 00 17 00 10 00 02 00 09 00 24 1E D7 08 
　　　　29 00 00 00 18 00 10 00 04 00 08 00 2D 1E D7 08 
　　　　26 00 00 00 CD 00 00 00 1B 1E D7 08 
　　　　39 00 00 00 
　　　　69 00 00 00 CD 00 00 00 
　　　　3C 00 00 00 4D B2 07 08 ： 不明
　　　　0A 00 00 00 00 00 00 00

D720F8　76 00 30 00 
　　　　17 00 00 00 CA 08 00 00 CB 08 00 00 
　　　　09 00 00 00 
　　　　52 00 00 00 32 00 00 00 ：【32】
　　　　88 00 00 00 
　　　　02 00 08 00 
　　　　A5 00 05 00 00 00 00 00 CC 08 00 00 
　　　　40 00 00 00 81 3B 08 08 
　　　　42 00 00 00 32 00 00 00 ：【32】
　　　　4F 00 01 00 63 00 00 00 ：【63】
　　　　74 00 08 00 
　　　　A1 00 00 00 
　　　　A2 00 00 00 71 00 00 00 
　　　　42 00 00 00 63 00 00 00 ：【63】
　　　　0A 00 00 00 00 00 00 00

D72160　4F 00 01 00 63 00 00 00 ：【63】　
　　　　76 00 30 00 
　　　　0D 00 00 00 E2 08 00 00 09 00 00 00 ： 会話(リン！　ど、どうしよう)
　　　　52 00 00 00 63 00 00 00 ：【63】
　　　　88 00 00 00 
　　　　02 00 08 00 
　　　　A5 00 05 00 00 00 00 00 E3 08 00 00 
　　　　40 00 00 00 81 3B 08 08 
　　　　42 00 00 00 63 00 00 00 ：【63】
　　　　0A 00 00 00 00 00 00 00

D721AC　0D 00 00 00 DC 08 00 00 09 00 00 00 ： 会話(…みんな、家の中に)
　　　　30 00 00 00 4C E5 D8 08 ： ウィルの呼び出し
　　　　39 00 00 00 
　　　　5D 00 02 00 
　　　　77 00 42 00 ： BGMの変更２
　　　　0D 00 00 00 DD 08 00 00 09 00 00 00 ：　会話(！ きみたちは…？)
　　　　78 00 06 00 ： BGMを戻す
　　　　0A 00 00 00 00 00 00 00

D721E4　00 00 01 00 0A 00 08 00 04 00 00 00 ： 不明
D721F0　00 00 80 00 00 00 01 00 00 00 80 00 ： 不明

D721FC　7B 00 00 00 ： 音量を下げる
　　　　8C 00 10 00 90 00 00 00 
　　　　05 00 02 00 
　　　　8D 00 10 00 91 00 00 00 
　　　　4C 00 00 00 05 00 00 00 03 00 00 00 ：【05】フラグ03がオフの場合？
　　　　0D 00 00 00 DE 08 00 00 ： 会話(… 誰かいませんか？)
　　　　43 00 00 00 07 00 00 00 ：【07】　
　　　　42 00 00 00 05 00 00 00 ：【05】　
　　　　0D 00 00 00 DF 08 00 00 ： 会話(村からでていけ！)
　　　　42 00 00 00 07 00 00 00 ：【07】　
　　　　77 00 42 00 ： BGMの変更２
　　　　14 00 00 00 
　　　　09 00 00 00 
　　　　30 00 00 00 4C E5 D8 08 ： ウィルの呼び出し
　　　　39 00 00 00 
　　　　78 00 06 00 ： BGMを戻す
　　　　0A 00 00 00 00 00 00 00 

D7226C　7B 00 00 00 
　　　　8C 00 10 00 90 00 00 00 
　　　　05 00 02 00 
　　　　8D 00 10 00 91 00 00 00 
　　　　0D 00 00 00 E0 08 00 00 09 00 00 00 
　　　　7C 00 00 00 
　　　　84 00 00 00 91 00 00 00 5C 00 00 00 D0 07 00 00 
　　　　87 00 00 00 
　　　　52 00 00 00 32 00 00 00 ：【32】
　　　　88 00 00 00 
　　　　02 00 08 00 
　　　　A5 00 05 00 00 00 00 00 E1 08 00 00 
　　　　40 00 00 00 81 3B 08 08 
　　　　42 00 00 00 32 00 00 00 ：【32】
　　　　0A 00 00 00 00 00 00 00


D726B0　A1 00 00 00 ： 不明
　　　　76 00 38 00 
　　　　02 00 40 00 
　　　　8C 00 04 00 90 00 00 00 
　　　　3C 00 00 00 DD B2 07 08 ： 不明
　　　　05 00 02 00 
　　　　8D 00 04 00 91 00 00 00 
　　　　0D 00 00 00 E8 08 00 00 
　　　　3C 00 00 00 09 EC 00 08 ： CGシーンに移るために顔グラと吹き出しを消す
　　　　DD 00 00 00 03 00 00 00 
　　　　02 00 00 00 
　　　　02 00 3C 00 
　　　　D2 00 00 00 E9 08 00 00 01 00 00 00 
　　　　04 00 3C 00 
　　　　8C 00 04 00 90 00 00 00 
　　　　05 00 5B 00 
　　　　CC 00 00 00 DC 8E D8 08 ： リン編負傷イベント
　　　　98 00 00 00 
　　　　7F 00 04 00 
　　　　02 00 01 00 01 00 00 00 
　　　　0A 00 00 00 00 00 00 00

■この章で使われたフラグ
