※作業の高速化のため表記を省略しています。

４章　生業の影で

離脱ポイントX: Y:

■ワールドマップシーン
DB1678　85 00 00 00 
　　　　97 00 00 00 51 64 0B 08 
　　　　AD 00 00 00 00 00 00 00 00 00 00 00 1C 00 00 00 
　　　　02 00 10 00 
　　　　87 00 00 00 
　　　　02 00 3C 00 
　　　　BE 00 00 00 00 00 00 00 D4 00 49 00 01 00 00 00 00 00 00 00 
　　　　B5 00 00 00 
　　　　B2 00 00 00 00 00 00 00 16 00 00 00 34 05 00 00 00 00 00 00 
　　　　02 00 06 00 
　　　　B4 00 00 00 8B 06 00 00 
　　　　B8 00 00 00 00 00 00 00 D4 00 49 00 02 00 00 00 00 00 00 00 ： リンを表示
　　　　02 00 00 00 
　　　　B8 00 00 00 00 00 00 00 C3 00 4C 00 00 00 00 00 00 00 00 00 ： リンを移動
　　　　02 00 00 00 
　　　　BE 00 00 00 01 00 00 00 C3 00 4C 00 00 00 00 00 00 00 00 00 
　　　　14 00 00 00 
　　　　B3 00 00 00 00 00 00 00 00 01 00 00 00 00 00 00 
　　　　40 00 00 00 D5 3D 0B 08 
┗0B3DD5　48 80 78 00 06 00 16 70 47 00 00 00 00 00 02 01 
　　　　　49 88 70 70 47 00 00 00 00 00 02 30 ： 不明
　　　　14 00 00 00 
　　　　B2 00 00 00 01 00 00 00 8C 00 00 00 34 05 00 00 10 00 00 00 
　　　　14 00 00 00 
　　　　B8 00 00 00 01 00 00 00 D4 00 49 00 39 20 00 00 00 00 00 00 
　　　　02 00 00 00 
　　　　14 00 00 00 
　　　　02 00 3C 00 
　　　　CB 00 00 00 
　　　　7A 00 04 00 
　　　　AE 00 00 00 
　　　　AF 00 00 00 
　　　　02 00 3C 00 
　　　　00 00 00 00


■イベント条件群

−ターン条件−
D68CB4　02 00 00 00 78 27 D7 08 01 00 00 00 00 00 00 00 
　　　　02 00 00 00 10 2B D7 08 01 00 00 00 00 00 00 00 
　　　　02 00 00 00 38 2B D7 08 01 00 80 00 00 00 00 00 
　　　　02 00 00 00 58 2B D7 08 02 00 00 00 00 00 00 00 
　　　　02 00 00 00 D4 2B D7 08 02 00 40 00 00 00 00 00 
　　　　02 00 00 00 14 2C D7 08 03 00 00 00 00 00 00 00 
　　　　02 00 00 00 54 2C D7 08 04 07 00 00 00 00 00 00 
　　　　02 00 07 00 E8 2C D7 08 01 08 40 00 00 00 00 00 
　　　　02 00 00 00 0C 31 D7 08 08 00 00 00 00 00 00 00 
　　　　00 00 00 00 
　　　　00 00 00 00 ： ターン条件終わり
−会話条件−
D68D4C　03 00 06 00 64 2C D7 08 03 08 00 00 00 00 00 00 ： リンからドルカスへ
　　　　03 00 07 00 C0 2C D7 08 08 9E 00 00 00 00 00 00 ： ドルカスからナタリーへ
　　　　00 00 00 00 ： 会話条件終わり
−オブジェクト指定−
D68D70　00 00 00 00 ： オブジェクト指定終わり？
−チュートリアル？−
　　　　01 00 0A 00 24 2D D7 08 08 00 00 00 
　　　　01 00 0B 00 C8 2D D7 08 0A 00 00 00 
　　　　01 00 0D 00 F8 2D D7 08 09 00 00 00 
　　　　01 00 0E 00 88 2E D7 08 0D 00 00 00 
　　　　00 00 00 00 
　　　　0A 05 00 00 FF 00 00 00 04 02 00 00 
　　　　0A 09 00 00 0B 05 00 00 FF 00 00 00 
　　　　0C 02 00 00 0D 02 00 00 0A 03 00 00 0D 03 00 00 0E 03 00 00 0C 04 00 00 0D 04 00 00 0C 05 00 00 FF 00 00 00 
　　　　0F 00 0F 00 A8 8D D6 08 60 2F D7 08 
　　　　0A 00 00 00 10 00 10 00 B0 8D D6 08 9C 2F D7 08 
　　　　0C 00 00 00 0F 00 11 00 B8 8D D6 08 CC 2F D7 08 
　　　　0D 00 00 00 0F 00 12 00 C0 8D D6 08 0C 30 D7 08 
　　　　0E 00 00 00 00 00 00 00 01 00 13 00 34 30 D7 08 
　　　　0E 00 00 00 
　　　　00 00 00 00 
−常時条件＆範囲条件−
D68E38　01 00 00 00 E0 30 D7 08 17 00 00 00 
　　　　01 00 00 00 1C F7 D6 08 65 00 00 00 
　　　　01 00 14 00 48 30 D7 08 0A 00 00 00 
　　　　01 00 15 00 68 30 D7 08 0C 00 00 00 
　　　　01 00 16 00 98 30 D7 08 0E 00 00 00 
　　　　00 00 00 00 ： 常時条件＆範囲条件終わり

−アドレス群−
D68E78　B4 8C D6 08 ： ターン条件へ
　　　　4C 8D D6 08 ： 会話条件へ
　　　　70 8D D6 08 ： オブジェクト指定へ
　　　　38 8E D6 08 ： 常時条件＆範囲条件へ
　　　　28 F4 D6 08 ： アーチの配置
　　　　8C F5 D6 08 ： ？
　　　　6C E6 D8 08 ： 敵軍初期配置
　　　　6C E6 D8 08 ： 敵軍初期配置
　　　　6C E6 D8 08 ： 敵軍初期配置
　　　　6C E6 D8 08 ： 敵軍初期配置
　　　　EC E5 D8 08 ： 自軍初期配置(未使用？)
　　　　EC E5 D8 08 ： 自軍初期配置
　　　　EC E5 D8 08 ： 自軍初期配置(未使用？)
　　　　EC E5 D8 08 ： 自軍初期配置(未使用？)
　　　　78 27 D7 08 ： 開始イベント
　　　　0C 31 D7 08 ： 終了イベント

            
■イベント内容
D72778　3B 00 00 00 
　　　　3C 00 00 00 21 8C 01 08 
　　　　37 00 00 00 DB 00 48 00 07 00 03 00 
　　　　0C 00 00 00 
　　　　02 00 40 00 
　　　　30 00 00 00 EC E5 D8 08 
　　　　25 00 00 00 18 00 00 00 0D 00 05 00 10 00 00 00 
　　　　25 00 00 00 0D 00 00 00 0C 00 04 00 10 00 00 00 
　　　　39 00 00 00 
　　　　8C 00 10 00 90 00 00 00 
　　　　05 00 40 00 
　　　　8D 00 10 00 91 00 00 00 
　　　　0D 00 00 00 FD 08 00 00 
　　　　2D 00 00 00 03 00 00 00 0D 00 04 00 
　　　　30 00 00 00 2C E6 D8 08 
　　　　39 00 00 00 
　　　　09 00 00 00 
　　　　02 00 40 00 
　　　　26 00 00 00 17 00 00 00 4F 27 D7 08 
　　　　26 00 00 00 18 00 00 00 5E 27 D7 08 
　　　　02 00 20 00 
　　　　25 00 00 00 03 00 00 00 07 00 06 00 10 00 00 00 
　　　　02 00 20 00 
　　　　25 00 00 00 0D 00 00 00 08 00 06 00 10 00 00 00 
　　　　25 00 00 00 1D 00 00 00 06 00 06 00 10 00 00 00 
　　　　25 00 00 00 CD 00 00 00 06 00 07 00 10 00 00 00 
　　　　39 00 00 00 
　　　　02 00 20 00 
　　　　25 00 00 00 DB 00 00 00 07 00 04 00 06 00 00 00 
　　　　39 00 00 00 
　　　　02 00 40 00 
　　　　7B 00 00 00 
　　　　8C 00 10 00 90 00 00 00 
　　　　05 00 42 00 
　　　　8D 00 10 00 91 00 00 00 
　　　　0D 00 00 00 FE 08 00 00 
　　　　7C 00 00 00 
　　　　09 00 00 00 
　　　　02 00 40 00 
　　　　1D 00 0E 0D 
　　　　02 00 40 00 
　　　　30 00 00 00 6C E6 D8 08 
　　　　39 00 00 00 
　　　　7A 00 08 00 
　　　　02 00 40 00 
　　　　65 00 00 00 94 00 00 00 
　　　　76 00 20 00 
　　　　8C 00 10 00 90 00 00 00 
　　　　05 00 1E 00 
　　　　8D 00 10 00 91 00 00 00 
　　　　0D 00 00 00 FF 08 00 00 09 00 00 00 
　　　　30 00 00 00 9C E6 D8 08 
　　　　21 00 00 00 0D 00 0C 00 0A 00 0C 00 
　　　　24 00 00 00 94 00 00 00 0C 00 0A 00 
　　　　39 00 00 00 
　　　　02 00 40 00 
　　　　30 00 00 00 5C E7 D8 08 
　　　　39 00 00 00 
　　　　25 00 00 00 08 00 00 00 0D 00 09 00 08 00 00 00 
　　　　39 00 00 00 
　　　　02 00 40 00 
　　　　65 00 00 00 94 00 00 00 
　　　　8C 00 10 00 90 00 00 00 
　　　　05 00 1E 00 
　　　　8D 00 10 00 91 00 00 00 
　　　　0D 00 00 00 00 09 00 00 09 00 00 00 
　　　　24 00 00 00 94 00 00 00 0D 00 0D 00 
　　　　39 00 00 00 
　　　　25 00 00 00 08 00 00 00 0D 00 07 00 08 00 00 00 
　　　　39 00 00 00 
　　　　1E 00 03 00 
　　　　25 00 00 00 17 00 00 00 07 00 07 00 10 00 00 00 
　　　　39 00 00 00 
　　　　76 00 32 00 
　　　　8C 00 10 00 90 00 00 00 
　　　　69 00 00 00 DB 00 00 00 
　　　　30 00 00 00 AC E7 D8 08 ： ナタリーの呼び出し(防衛対象化)
　　　　39 00 00 00 
　　　　2D 00 00 00 9E 00 00 00 07 00 04 00 
　　　　05 00 42 00 
　　　　8D 00 10 00 91 00 00 00 
　　　　0D 00 00 00 01 09 00 00 09 00 00 00 
　　　　52 00 00 00 32 00 00 00 ：【32】
　　　　88 00 00 00 ： 不明
　　　　02 00 08 00 
　　　　A5 00 05 00 00 00 00 00 02 09 00 00 
　　　　40 00 00 00 81 3B 08 08 
　　　　42 00 00 00 32 00 00 00 ：【32】
　　　　1E 00 03 00 
　　　　65 00 00 00 03 00 00 00 
　　　　76 00 30 00 
　　　　4F 00 01 00 28 00 00 00 ：【28】
　　　　0D 00 00 00 03 09 00 00 ： 会話(！この砦には)
　　　　43 00 00 00 2A 00 00 00 ：【2A】
　　　　42 00 00 00 28 00 00 00 ：【28】　
　　　　0D 00 00 00 04 09 00 00 
　　　　42 00 00 00 2A 00 00 00 ：【2A】
　　　　09 00 00 00 
　　　　52 00 00 00 33 00 00 00 ：【33】
　　　　88 00 00 00 
　　　　02 00 08 00 
　　　　A5 00 05 00 00 00 00 00 06 09 00 00 
　　　　40 00 00 00 81 3B 08 08 
　　　　42 00 00 00 33 00 00 00 ：【33】
　　　　3C 00 00 00 79 8C 01 08 ： 不明
　　　　25 00 00 00 9E 00 00 00 07 00 03 00 08 00 00 00 
　　　　24 00 00 00 03 00 00 00 07 00 05 00 
　　　　29 00 00 00 17 00 10 00 05 00 07 00 34 27 D7 08 
　　　　29 00 00 00 18 00 10 00 09 00 07 00 39 27 D7 08 
　　　　29 00 00 00 0D 00 10 00 08 00 06 00 3F 27 D7 08 
　　　　29 00 00 00 1D 00 10 00 06 00 06 00 44 27 D7 08 
　　　　26 00 00 00 CD 00 00 00 49 27 D7 08 
　　　　39 00 00 00 
　　　　69 00 00 00 CD 00 00 00 
　　　　3C 00 00 00 4D B2 07 08 ： 不明
　　　　0A 00 00 00 00 00 00 00

D72B10　4F 00 01 00 63 00 00 00 ：【63】
　　　　74 00 08 00 
　　　　A1 00 00 00 
　　　　A2 00 00 00 71 00 00 00 
　　　　42 00 00 00 63 00 00 00 ：【63】
　　　　0A 00 00 00 00 00 00 00

D72B38　4F 00 01 00 63 00 00 00 ：【63】
　　　　A0 00 00 00 68 27 D7 08 ： 
┗D72768　02 00 01 00 00 00 80 00 ： 不明
　　　　　01 00 01 00 00 00 80 00
　　　　42 00 00 00 63 00 00 00 ：【63】
　　　　0A 00 00 00 00 00 00 00

D72B58　4F 00 01 00 63 00 00 00 ：【63】
　　　　0D 00 00 00 0A 09 00 00 09 00 00 00 ： 会話(！　さっき私に)
　　　　1E 00 08 00 
　　　　65 00 00 00 08 00 00 00 
　　　　52 00 00 00 32 00 00 00 ：【32】
　　　　02 00 20 00 
　　　　88 00 00 00 
　　　　02 00 08 00 
　　　　A5 00 05 00 00 00 00 00 0B 09 00 00 
　　　　40 00 00 00 81 3B 08 08 
　　　　42 00 00 00 32 00 00 00 ：【32】
　　　　74 00 09 00 
　　　　A1 00 00 00 
　　　　A2 00 00 00 71 00 00 00 
　　　　74 00 0B 00 
　　　　74 00 15 00 
　　　　74 00 10 00 
　　　　42 00 00 00 63 00 00 00 ：【63】
　　　　0A 00 00 00 00 00 00 00

D72BD4　4B 00 00 00 02 00 00 00 02 00 00 00 ：【02】ボスが死んでいない場合飛ぶ
　　　　76 00 0C 00 
　　　　30 00 00 00 CC E7 D8 08 
　　　　39 00 00 00 
　　　　65 00 00 00 9B 00 00 00 
　　　　0D 00 00 00 14 09 00 00 09 00 00 00 ： 会話(くそぅ、カージガの兄貴が)
　　　　42 00 00 00 02 00 00 00 ：【02】
　　　　0A 00 00 00 00 00 00 00

D72C14　4A 00 00 00 01 00 00 00 02 00 00 00 ：【01】ボスが死んでいる場合飛ぶ
　　　　76 00 0C 00 
　　　　1E 00 94 00 
　　　　65 00 00 00 94 00 00 00 
　　　　0D 00 00 00 13 09 00 00 09 00 00 00 ： 会話(女子供相手に)
　　　　42 00 00 00 01 00 00 00 ：【01】
　　　　30 00 00 00 7C E7 D8 08 
　　　　0A 00 00 00 00 00 00 00

D72C54　30 00 00 00 7C E7 D8 08 
　　　　0A 00 00 00 00 00 00 00

D72C64　9F 00 00 00 00 00 00 00 
　　　　77 00 42 00 
　　　　0D 00 00 00 0E 09 00 00 09 00 00 00 ： 会話(ねぇ、あなたドルカスさん？)
　　　　78 00 06 00 
　　　　52 00 00 00 32 00 00 00 ：【32】
　　　　88 00 00 00 
　　　　02 00 08 00 
　　　　A5 00 05 00 00 00 00 00 0F 09 00 00 
　　　　40 00 00 00 81 3B 08 08 
　　　　42 00 00 00 32 00 00 00 ：【32】
　　　　63 00 00 00 08 00 00 00 00 00 00 00 ：　所属変更
　　　　0A 00 00 00 00 00 00 00 

D72CC0　7B 00 00 00 
　　　　0D 00 00 00 15 09 00 00 09 00 00 00 ： 会話(ナタリー！)
　　　　72 00 00 00 9E 00 00 00 06 03 00 00 ： AIを変更
　　　　7C 00 00 00 
　　　　0A 00 00 00 00 00 00 00

D72CE8　47 00 00 00 05 00 00 00 FD D9 07 08 ：【05】
┗07D9FD　B5 08 20 9A F7 90 FB 01 1C C0 20 CA 7A 10 40 00 
　　　　　28 07 D1 02 48 09 8A 81 42 03 D1 01 20 02 E0 07 
　　　　　04 00 00 00 20 02 BC 08 47 00 00 00
　　　　76 00 08 00 
　　　　56 00 00 00 C0 2C D7 08 
┗D72CC0　↑
　　　　43 00 00 00 09 00 00 00 ：【09】
　　　　42 00 00 00 05 00 00 00 ：【05】
　　　　75 00 07 00 ： フラグ07をオフ
　　　　42 00 00 00 09 00 00 00 ：【09】
　　　　0A 00 00 00 00 00 00 00

D72D24　88 00 00 00 
　　　　4C 00 01 00 01 00 00 00 03 00 00 00 ：【01】リンで訪問した場合飛ぶ？
　　　　3C 00 00 00 D9 D6 01 08 
┗01D6D9　B5 02 48 E7 F7 34 F8 01 BC 00 47 70 28 C0 08 10 ： 不明
　　　　65 00 00 00 03 00 00 00 
　　　　A9 00 00 00 A8 8D D6 08 
　　　　0D 00 00 00 07 09 00 00 09 00 00 00 ： 会話(まず、私から動くわ。)
　　　　40 00 00 00 29 B2 07 08 ： カーソルを消す
　　　　9F 00 00 00 F3 03 00 00 ： 不明
　　　　3C 00 00 00 3D AF 07 08 ： 不明
　　　　75 00 0A 00 
　　　　43 00 00 00 09 00 00 00 ：【09】
　　　　42 00 00 00 01 00 00 00 ：【01】
　　　　A9 00 00 00 A8 8D D6 08 
┗D68DA8　0A 05 00 00 FF 00 00 00 ： 強制移動の座標？
　　　　02 00 32 00 
　　　　40 00 00 00 29 B2 07 08 ： カーソルを消す
　　　　9F 00 00 00 02 01 00 00 
　　　　A1 00 00 00 
　　　　A2 00 00 00 63 00 00 00 
　　　　A2 00 00 00 71 00 00 00 ： 不明
　　　　42 00 00 00 09 00 00 00 ：【09】
　　　　87 00 00 00 ： 不明
　　　　0A 00 00 00 00 00 00 00


D730E0　8C 00 10 00 90 00 00 00 
　　　　85 00 00 00 ： スキップ禁止
　　　　05 00 5B 00 
　　　　8D 00 10 00 91 00 00 00 
　　　　0D 00 00 00 24 09 00 00 09 00 00 00 ： 会話(私たちの力では…)
　　　　56 00 00 00 1C F7 D6 08 ： ゲームオーバーイベントへ

D7310C　A1 00 00 00 
　　　　7A 00 04 00 
　　　　02 00 40 00 
　　　　76 00 0C 00 
　　　　4A 00 00 00 01 00 00 00 02 00 00 00 ：【01】ボスが死んでいる場合飛ぶ
　　　　0D 00 00 00 19 09 00 00 ： 会話(く、くそうっ)ガージガ
　　　　43 00 00 00 02 00 00 00 ：【02】
　　　　42 00 00 00 01 00 00 00 ：【01】
　　　　0D 00 00 00 1A 09 00 00 ： 会話(く、くそうっ)山賊
　　　　42 00 00 00 02 00 00 00 ：【02】
　　　　09 00 00 00 
　　　　7A 00 04 00 
　　　　8C 00 10 00 90 00 00 00 
　　　　3C 00 00 00 DD B2 07 08 ： 不明
　　　　05 00 40 00 
　　　　76 00 38 00 
　　　　8D 00 10 00 91 00 00 00 
D73178　46 00 00 00 03 00 00 00 5D AA 07 08 ：【03】指定先の条件を満たしていたら飛ぶ？
┗07AA5D　B5 FF F7 C7 FF 00 21 00 06 00 28 00 D1 01 21 08 
　　　　　1C 02 BC 08 47 00 00 30 ： 不明
　　　　0D 00 00 00 1B 09 00 00 ： 会話(見て、敵が逃げて行く。)普通は見れない？
　　　　43 00 00 00 04 00 00 00 ：【04】
　　　　42 00 00 00 03 00 00 00 ：【03】
　　　　0D 00 00 00 1C 09 00 00 ： 会話(敵がいなくなったわ…)
　　　　42 00 00 00 04 00 00 00 ：【04】
　　　　8C 00 10 00 90 00 00 00 
　　　　02 00 20 00 
　　　　05 00 42 00 
　　　　8D 00 10 00 91 00 00 00 
　　　　47 00 00 00 05 00 00 00 49 DA 07 08 ：【05】指定先の条件を満たしていない場合飛ぶ？
┗07DA49　B5 08 20 9A F7 6A FB 00 22 C0 21 C0 7A 01 40 00 
　　　　　29 00 D1 01 22 10 1C 02 BC 08 47 00 ： ドルカスを仲間に加えた？
　　　　0D 00 00 00 1F 09 00 00 ： 会話(あ、あなたっ！)仲間にした場合
　　　　47 00 00 00 07 00 00 00 71 A8 07 08 ：【07】指定先の条件を満たしていない場合飛ぶ？
┗07A871　B5 08 20 FF F7 9E FF 00 06 00 16 02 BC 08 47 00 ： ドルカスが生存している？
　　　　8C 00 04 00 90 00 00 00 
　　　　02 00 20 00 
　　　　05 00 1F 00 
　　　　8D 00 04 00 91 00 00 00 
　　　　0D 00 00 00 20 09 00 00 ： 会話(…村はこの近くだ。)仲間にした場合
　　　　43 00 00 00 08 00 00 00 ：【08】
　　　　42 00 00 00 05 00 00 00 ：【05】
　　　　0D 00 00 00 1D 09 00 00 ： 会話(……　…なぜ、とどめをささない？)
　　　　8C 00 10 00 90 00 00 00 
　　　　05 00 42 00 
　　　　8D 00 10 00 91 00 00 00 
　　　　0D 00 00 00 1E 09 00 00 ： 会話(ナタリー！)倒した場合
　　　　42 00 00 00 07 00 00 00 ：【07】
　　　　8C 00 04 00 90 00 00 00 
　　　　02 00 20 00 
　　　　05 00 1F 00 
　　　　8D 00 04 00 91 00 00 00 
　　　　0D 00 00 00 21 09 00 00 ： 会話(…村はこの近くだ。)倒した場合
　　　　42 00 00 00 08 00 00 00 ：【08】
　　　　7A 00 04 00 
　　　　8C 00 04 00 90 00 00 00 
　　　　02 00 20 00 
　　　　05 00 43 00 
　　　　76 00 A3 03 
　　　　8D 00 04 00 91 00 00 00 
　　　　17 00 00 00 22 09 00 00 23 09 00 00 ： 分岐会話(でも殆ど同じ)
　　　　8C 00 04 00 90 00 00 00 
　　　　05 00 5B 00 
　　　　CC 00 00 00 DC 8E D8 08 ： リン編負傷イベント
　　　　98 00 00 00 
　　　　7F 00 05 00 
　　　　02 00 01 00 01 00 00 00 
　　　　0A 00 00 00 00 00 00 00

■この章で使われたフラグ
