※作業の高速化のため表記を省略しています。

５章　国境をこえて

離脱ポイントX: Y:

■ワールドマップシーン
DB178C　85 00 00 00 
　　　　97 00 00 00 51 64 0B 08 
　　　　AD 00 00 00 00 00 00 00 00 00 00 00 1C 00 00 00 
　　　　02 00 10 00 
　　　　87 00 00 00 
　　　　02 00 3C 00 
　　　　BE 00 00 00 00 00 00 00 C3 00 4C 00 01 00 00 00 00 00 00 00 
　　　　B8 00 00 00 00 00 00 00 C3 00 4C 00 02 00 00 00 00 00 00 00 
　　　　02 00 00 00 
　　　　B5 00 00 00 
　　　　B4 00 00 00 8C 06 00 00 
　　　　B2 00 00 00 00 00 00 00 16 00 00 00 34 05 00 00 00 00 00 00 
　　　　02 00 06 00 
　　　　B8 00 00 00 00 00 00 00 B0 00 51 00 00 00 00 00 00 00 00 00 
　　　　02 00 00 00 
　　　　BE 00 00 00 01 00 00 00 B0 00 51 00 00 00 00 00 00 00 00 00 
　　　　14 00 00 00 
　　　　B3 00 00 00 00 00 00 00 00 01 00 00 00 00 00 00 
　　　　14 00 00 00 
　　　　BA 00 00 00 00 00 00 00 00 00 00 00 00 00 00 00 ： 地域を光らせる
　　　　02 00 14 00 
　　　　14 00 00 00 
　　　　BD 00 00 00 00 00 00 00 ： 光を消す
　　　　02 00 3C 00 
　　　　B2 00 00 00 00 00 00 00 16 00 00 00 34 05 00 00 00 00 00 00 
　　　　02 00 06 00 
　　　　14 00 00 00 
　　　　B8 00 00 00 03 00 00 00 C3 00 4C 00 39 20 00 00 00 00 00 00 
　　　　02 00 00 00 
　　　　B8 00 00 00 03 00 00 00 C0 00 4C 00 00 01 00 00 00 00 00 00 
　　　　02 00 00 00 
　　　　02 00 3C 00 
　　　　CB 00 00 00 
　　　　7A 00 04 00 
　　　　AE 00 00 00 
　　　　AF 00 00 00 
　　　　02 00 3C 00 
　　　　00 00 00 00

■イベント条件群

−ターン条件−
D68EB8　02 00 00 00 40 33 D7 08 01 00 00 00 00 00 00 00 
　　　　02 00 00 00 00 35 D7 08 01 00 00 00 00 00 00 00 
　　　　00 00 00 00 
　　　　00 00 00 00 ： ターン条件終わり
−会話条件−
D68EE0　03 00 06 00 60 36 D7 08 03 11 00 00 00 00 00 00 
　　　　03 00 06 00 60 36 D7 08 03 13 00 00 00 00 00 00 
　　　　00 00 00 00 ： 会話条件終わり
−オブジェクト指定−
D68F04　0A 00 00 00 B2 F1 D6 08 0E 03 13 00 
　　　　05 00 00 00 14 37 D7 08 08 03 0E 00 
　　　　05 00 00 00 44 37 D7 08 0A 07 0E 00 
　　　　05 00 00 00 74 37 D7 08 0D 02 0E 00 
　　　　00 00 00 00 
　　　　01 00 08 00 A4 37 D7 08 07 00 00 00 
　　　　01 00 09 00 54 38 D7 08 08 00 00 00 
　　　　01 00 0A 00 08 39 D7 08 09 00 00 00 
　　　　00 00 00 00 
　　　　05 06 00 00 FF 00 00 00 
　　　　06 06 00 00 FF 00 00 00 
　　　　06 04 00 00 06 05 00 00 07 05 00 00 08 05 00 00 07 06 00 00 FF 00 00 00 
　　　　0F 00 0B 00 60 8F D6 08 C4 39 D7 08 08 00 00 00 
　　　　0F 00 0C 00 68 8F D6 08 00 3A D7 08 09 00 00 00 
　　　　0F 00 0D 00 70 8F D6 08 3C 3A D7 08 0A 00 00 00 
　　　　00 00 00 00 
　　　　00 00 00 00 ： オブジェクト指定終わり
−常時条件＆範囲条件−
D68FC0　0E 00 00 00 3C 3B D7 08 5D AA 07 08 
　　　　01 00 0E 00 5C 3A D7 08 08 00 00 00 
　　　　01 00 0F 00 C4 3A D7 08 09 00 00 00 
　　　　01 00 10 00 24 3B D7 08 0A 00 00 00 
　　　　01 00 00 00 1C F7 D6 08 65 00 00 00 
　　　　00 00 00 00 ： 常時条件＆範囲条件終わり

−アドレス群−
D69000　B8 8E D6 08 ： ターン条件へ
　　　　E0 8E D6 08 ： 会話条件へ
　　　　04 8F D6 08 ： オブジェクト指定へ
　　　　C0 8F D6 08 ： 常時条件＆範囲条件へ
　　　　29 F4 D6 08 ： アーチの配置
　　　　8D F5 D6 08 ： ？
　　　　24 E9 D8 08 ： 敵軍初期配置
　　　　24 E9 D8 08 ： 敵軍初期配置
　　　　24 E9 D8 08 ： 敵軍初期配置
　　　　24 E9 D8 08 ： 敵軍初期配置
　　　　94 E8 D8 08 ： 自軍初期配置(未使用？)
　　　　94 E8 D8 08 ： 自軍初期配置
　　　　94 E8 D8 08 ： 自軍初期配置(未使用？)
　　　　94 E8 D8 08 ： 自軍初期配置(未使用？)
　　　　40 33 D7 08 ： 開始イベント
　　　　3C 3B D7 08 ： 終了イベント

              
■イベント内容
D73340　3B 00 00 00 
　　　　3C 00 00 00 21 8C 01 08 
　　　　30 00 00 00 94 E8 D8 08 
　　　　39 00 00 00 
　　　　25 00 00 00 03 00 00 00 04 00 05 00 10 00 00 00 
　　　　26 00 00 00 17 00 00 00 E2 32 D7 08 
　　　　25 00 00 00 18 00 00 00 05 00 04 00 10 00 00 00 
　　　　25 00 00 00 1D 00 00 00 03 00 04 00 18 00 00 00 
　　　　25 00 00 00 CD 00 00 00 04 00 03 00 10 00 00 00 
　　　　25 00 00 00 0D 00 00 00 06 00 03 00 10 00 00 00 
　　　　39 00 00 00 
　　　　8C 00 10 00 90 00 00 00 
　　　　05 00 23 00 
　　　　8D 00 10 00 91 00 00 00 
　　　　0D 00 00 00 25 09 00 00 09 00 00 00 
　　　　7A 00 04 00 
　　　　30 00 00 00 24 E9 D8 08 
　　　　39 00 00 00 
　　　　23 00 00 00 0C 00 02 00 E8 32 D7 08 
　　　　23 00 00 00 0D 00 03 00 E8 32 D7 08 
　　　　23 00 00 00 0C 00 04 00 E8 32 D7 08 
　　　　39 00 00 00 
　　　　8C 00 10 00 90 00 00 00 
　　　　05 00 1C 00 
　　　　76 00 32 00 
　　　　8D 00 10 00 91 00 00 00 
　　　　0D 00 00 00 26 09 00 00 09 00 00 00 ： 会話(おうっ！　こっちだ！！)
　　　　30 00 00 00 64 E9 D8 08 
　　　　26 00 00 00 99 00 00 00 00 33 D7 08 
　　　　23 00 00 00 07 00 02 00 F0 32 D7 08 
　　　　23 00 00 00 07 00 04 00 F7 32 D7 08 
　　　　39 00 00 00 
　　　　3C 00 00 00 79 8C 01 08 
　　　　26 00 00 00 03 00 00 00 0D 33 D7 08 
　　　　2A 00 00 00 1D 00 00 00 28 33 D7 08 D6 32 D7 08 ： フロリーナの移動
┗D73328　0C 18 00 02 02 02 04 ： 左に１歩、下に３歩移動？
┗D732D6　0C 18 02 02 04 ： 下に２歩移動？
　　　　2A 00 00 00 17 00 00 00 12 33 D7 08 C0 32 D7 08 ： ケントの移動
┗D73318　0C 18 00 00 04 ： 左に２歩移動？
┗D732C0　0C 18 00 02 02 04 ： 左に１歩、下に２歩移動？
　　　　2A 00 00 00 18 00 00 00 18 33 D7 08 C6 32 D7 08 ： セインの移動
　　　　2A 00 00 00 0D 00 00 00 1D 33 D7 08 CD 32 D7 08 ： ウィルの移動
┗D7331D　0C 18 00 00 00 00 00 02 02 02 04 ： 左に５歩、下に３歩移動？
┗D732CD　0C 18 00 00 00 02 02 02 04 ： 左に３歩、下に２歩移動？
　　　　26 00 00 00 CD 00 00 00 DB 32 D7 08 
　　　　39 00 00 00 
　　　　69 00 00 00 CD 00 00 00 
　　　　3C 00 00 00 4D B2 07 08 
　　　　47 00 00 00 12 00 00 00 71 A8 07 08 ：【12】ドルカスが生存していない場合飛ぶ
┗08A871　B5 08 20 FF F7 9E FF 00 06 00 16 02 BC 08 47 00 ： 
　　　　30 00 00 00 04 E9 D8 08 
　　　　39 00 00 00 
　　　　42 00 00 00 12 00 00 00 ：【12】
　　　　0A 00 00 00 00 00 00 00

D73500　7A 00 04 00 
　　　　30 00 00 00 C4 E9 D8 08 
　　　　39 00 00 00 
　　　　02 00 40 00 
　　　　76 00 66 00 
　　　　8C 00 10 00 90 00 00 00 
　　　　05 00 2A 00 
　　　　8D 00 10 00 91 00 00 00 
　　　　0D 00 00 00 27 09 00 00 09 00 00 00 ： 会話(うーん…迷ったかなぁ)
　　　　25 00 00 00 11 00 00 00 06 00 06 00 10 00 00 00 
　　　　39 00 00 00 
　　　　25 00 00 00 13 00 00 00 07 00 06 00 08 00 00 00 
　　　　39 00 00 00 
　　　　8C 00 10 00 90 00 00 00 
　　　　05 00 1C 00 
　　　　8D 00 10 00 91 00 00 00 
　　　　0D 00 00 00 28 09 00 00 09 00 00 00 
　　　　21 00 00 00 08 00 02 00 07 00 04 00 
　　　　39 00 00 00 
　　　　4F 00 01 00 0F 00 00 00 ：【0F】ハードの場合飛ぶ
　　　　95 00 00 00 A3 00 00 00 13 00 00 00 30 33 D7 08 00 00 00 00 ： 強制戦闘(ノーマル)
┗D73330　00 00 01 07 08 00 08 09 04 00 08 09 00 00 80 00 ： 不明
　　　　43 00 00 00 10 00 00 00 ：【10】
　　　　42 00 00 00 0F 00 00 00 ：【0F】
　　　　95 00 00 00 A3 00 00 00 13 00 00 00 00 00 00 00 00 00 00 01 ： 強制戦闘(ハード)
　　　　42 00 00 00 10 00 00 00 ：【10】
　　　　58 00 01 00 21 AC 07 08 ： 不明
┗07AC21　B5 A3 20 FF F7 26 FF 00 06 00 16 02 BC 08 47 00 ： 山賊が生きてるか？
　　　　71 00 00 00 A3 00 00 00 02 00 00 00 
　　　　02 00 40 00 
　　　　7A 00 02 00 
　　　　30 00 00 00 94 E9 D8 08 
　　　　76 00 30 00 
　　　　0D 00 00 00 29 09 00 00 09 00 00 00 
　　　　52 00 00 00 32 00 00 00 ：【32】
　　　　88 00 00 00 
　　　　02 00 08 00 
　　　　A5 00 05 00 00 00 00 00 2A 09 00 00 
　　　　40 00 00 00 81 3B 08 08 
　　　　42 00 00 00 32 00 00 00 ：【32】
　　　　4F 00 01 00 63 00 00 00 ：【63】
　　　　74 00 07 00 
　　　　A1 00 00 00 
　　　　A2 00 00 00 71 00 00 00 
　　　　42 00 00 00 63 00 00 00 ：【63】
　　　　0A 00 00 00 00 00 00 00

D73660　9F 00 00 00 00 00 00 00 ： 不明
　　　　77 00 42 00 
　　　　47 00 00 00 05 00 00 00 D1 AB 07 08 ：【05】満たさない場合飛ぶ
┗07ABD1　B5 13 20 FF F7 4E FF 00 06 00 16 02 BC 08 47 00 ： エルクが生存しているか
　　　　47 00 00 00 06 00 00 00 C1 AB 07 08 ：【06】満たさない場合飛ぶ
┗07ABC1　B5 11 20 FF F7 56 FF 00 06 00 16 02 BC 08 47 00 ： セーラが生存しているか
　　　　0D 00 00 00 36 09 00 00 09 00 00 00 ： 会話(あの、ちょっといい？)2人とも生存
　　　　78 00 06 00 
　　　　63 00 00 00 13 00 00 00 00 00 00 00 
　　　　63 00 00 00 11 00 00 00 00 00 00 00 
　　　　43 00 00 00 09 00 00 00 ：【09】
　　　　42 00 00 00 05 00 00 00 ：【05】
　　　　0D 00 00 00 37 09 00 00 09 00 00 00 ： 会話(あの、ちょっといい？)エルクが敗北している場合
　　　　78 00 06 00 
　　　　63 00 00 00 11 00 00 00 00 00 00 00 
　　　　43 00 00 00 09 00 00 00 ：【09】
　　　　42 00 00 00 06 00 00 00 ：【06】
　　　　0D 00 00 00 38 09 00 00 09 00 00 00 ： 会話(あの、ちょっといい？)セーラが敗北している場合
　　　　78 00 06 00 
　　　　63 00 00 00 13 00 00 00 00 00 00 00 
　　　　42 00 00 00 09 00 00 00 ：【09】
　　　　0A 00 00 00 00 00 00 00

D73714　7B 00 00 00 
　　　　8C 00 10 00 90 00 00 00 
　　　　05 00 01 00 
　　　　8D 00 10 00 91 00 00 00 
　　　　0D 00 00 00 39 09 00 00 09 00 00 00 ： 会話(民家)
　　　　7C 00 00 00 
　　　　0A 00 00 00 00 00 00 00 


D73B3C　A1 00 00 00 
　　　　76 00 38 00 
　　　　02 00 40 00 
　　　　4F 00 00 00 0A 00 00 00 ：【0A】ハードの場合飛ぶ
　　　　46 00 00 00 0A 00 00 00 D1 A9 07 08 ：【0A】エルクが生存している場合飛ぶ
┗07A9D1　B5 13 20 FF F7 DC FF 00 06 00 16 02 BC 08 47 00 ： エルクが生存しているか
　　　　46 00 00 00 0A 00 00 00 C1 A9 07 08 ：【0A】セーラが生存している場合飛ぶ
┗07A9C1　B5 11 20 FF F7 E4 FF 00 06 00 16 02 BC 08 47 00 ： セーラが生存しているか 
　　　　8C 00 10 00 
　　　　90 00 00 00 05 00 1C 00 
　　　　8D 00 10 00 91 00 00 00 
　　　　0D 00 00 00 40 09 00 00 ： 会話(もう、ひどい目に)エルクが敗北している場合
　　　　43 00 00 00 06 00 00 00 ：【06】
　　　　42 00 00 00 0A 00 00 00 ：【0A】
　　　　8C 00 04 00 90 00 00 00 
　　　　3C 00 00 00 DD B2 07 08 ： 不明
　　　　05 00 1C 00 
　　　　8D 00 04 00 91 00 00 00 
　　　　0D 00 00 00 41 09 00 00 ： 会話(ご苦労様。)
　　　　46 00 00 00 01 00 00 00 91 A8 07 08 ：【01】エルクが生存している場合飛ぶ
┗07A891　B5 13 20 FF F7 8E FF 00 06 00 16 02 BC 08 47 00 ： エルクが生存しているか
　　　　47 00 00 00 06 00 00 00 81 A8 07 08 ：【06】セーラが生存していない場合飛ぶ
┗07A881　B5 11 20 FF F7 96 FF 00 06 00 16 02 BC 08 47 00 ： セーラが生存しているか 
　　　　42 00 00 00 01 00 00 00 ：【01】
　　　　8C 00 10 00 90 00 00 00 
　　　　05 00 23 00 
　　　　8D 00 10 00 91 00 00 00 
　　　　0D 00 00 00 42 09 00 00 ： 会話(さ、私たちも行くわよ！)
　　　　47 00 00 00 05 00 00 00 81 A8 07 08 ：【05】セーラが生存していない場合飛ぶ
　　　　11 00 00 00 43 09 00 00 ： 会話(ねえ、セイン！)
　　　　46 00 00 00 06 00 00 00 91 A8 07 08 ：【06】エルクが生存している場合飛ぶ
　　　　8C 00 10 00 90 00 00 00 
　　　　05 00 23 00 
　　　　8D 00 10 00 91 00 00 00 
　　　　0D 00 00 00 44 09 00 00 ： 会話(エルク、ケガは？)
　　　　43 00 00 00 06 00 00 00 ：【06】
　　　　42 00 00 00 05 00 00 00 ：【05】
　　　　11 00 00 00 45 09 00 00 ： 会話(ねえ、セイン！)セーラ敗北の場合
　　　　42 00 00 00 06 00 00 00 ：【06】
　　　　CC 00 00 00 DC 8E D8 08 ： リン編負傷イベント
　　　　98 00 00 00 
　　　　7A 00 06 00 
　　　　8C 00 04 00 90 00 00 00 
　　　　3C 00 00 00 2D B3 07 08 ： マップのユニットを消す
　　　　82 00 00 00 0B 00 00 00 02 00 00 00 10 00 00 00 ： マップ移動
　　　　02 00 80 00 
　　　　76 00 53 00 
　　　　8D 00 04 00 91 00 00 00 
　　　　DA 00 00 00 E8 05 00 00 10 00 0C 00 ： マップ名表示
　　　　02 00 64 00 
　　　　DB 00 00 00 ： マップ名を消す
　　　　02 00 10 00 
　　　　64 00 00 00 02 00 10 00 
　　　　02 00 20 00 
　　　　8C 00 10 00 90 00 00 00 
　　　　05 00 10 00 
　　　　8D 00 10 00 91 00 00 00 
　　　　0D 00 00 00 46 09 00 00 
　　　　8C 00 04 00 90 00 00 00 
　　　　05 00 5B 00 
　　　　83 00 05 00 ： マップ移動
　　　　7F 00 06 00 
　　　　02 00 01 00 01 00 00 00 
　　　　0A 00 00 00 00 00 00 00

■この章で使われたフラグ
