※作業の高速化のため表記を省略しています。

６章　誇り高き血

離脱ポイントX: Y:

■ワールドマップシーン
DB18D4　85 00 00 00 
　　　　97 00 00 00 51 64 0B 08 
　　　　AD 00 00 00 01 00 00 00 78 01 80 00 1C 00 00 00 
　　　　02 00 10 00 
　　　　87 00 00 00 
　　　　02 00 3C 00 
　　　　BE 00 00 00 00 00 00 00 08 02 BF 00 01 00 00 00 00 00 00 00 
　　　　B8 00 00 00 00 00 00 00 08 02 BF 00 02 00 00 00 00 00 00 00 
　　　　02 00 00 00 
　　　　B5 00 00 00 
　　　　B4 00 00 00 8D 06 00 00 
　　　　B8 00 00 00 00 00 00 00 DD 01 C7 00 00 00 00 00 00 00 00 00 ：
　　　　02 00 00 00 
　　　　B2 00 00 00 00 00 00 00 16 00 00 00 BC 02 00 00 00 00 00 00 
　　　　02 00 06 00 
　　　　BE 00 00 00 01 00 00 00 DD 01 C7 00 01 00 00 00 00 00 00 00 
　　　　14 00 00 00 
　　　　B3 00 00 00 00 00 00 00 00 02 00 00 00 00 00 00 
　　　　14 00 00 00 
　　　　CB 00 00 00 
　　　　02 00 01 00 
　　　　CA 00 00 00 DD 01 C7 00 
　　　　14 00 00 00 
　　　　C2 00 00 00 20 01 08 01 04 00 00 00 00 00 00 00 
　　　　BE 00 00 00 02 00 00 00 9A 01 52 01 01 00 00 00 00 00 00 00 
　　　　CB 00 00 00 
　　　　02 00 01 00 
　　　　CB 00 00 00 
　　　　02 00 01 00 
　　　　CA 00 00 00 9A 01 52 01 
　　　　14 00 00 00 
　　　　CB 00 00 00 
　　　　02 00 01 00 
　　　　B8 00 00 00 01 00 00 00 9A 01 52 01 16 20 00 00 00 00 00 00 
　　　　02 00 00 00 
　　　　B2 00 00 00 00 00 00 00 94 00 00 00 34 05 00 00 00 00 00 00 
　　　　02 00 06 00 
　　　　14 00 00 00 
　　　　C2 00 00 00 60 01 88 00 04 00 00 00 00 00 00 00 
　　　　B3 00 00 00 00 00 00 00 00 01 00 00 00 00 00 00 
　　　　B8 00 00 00 02 00 00 00 DD 01 C7 00 14 22 01 00 00 00 00 00 
　　　　02 00 00 00 
　　　　14 00 00 00 
　　　　02 00 3C 00 
　　　　CB 00 00 00 
　　　　7A 00 04 00 
　　　　AE 00 00 00 
　　　　AF 00 00 00 
　　　　02 00 3C 00 
　　　　00 00 00 00

■イベント条件群

−ターン条件−
D69040　02 00 00 00 90 3D D7 08 01 00 00 00 00 00 00 00 ： 章開始イベント
　　　　02 00 00 00 68 41 D7 08 01 00 00 00 00 00 00 00 ： 章開始イベント
　　　　00 00 00 00 
　　　　02 00 00 00 CC 41 D7 08 02 00 00 00 00 00 00 00 ： マシューの宝箱イベント
　　　　02 00 17 00 2C 42 D7 08 03 00 00 00 05 00 00 00 ： 訪問しなかった場合のマシュー登場イベント
　　　　00 00 00 00 ： ターン条件終わり
−会話条件−
D69088　03 00 16 00 5C 42 D7 08 11 23 00 00 00 00 00 00 ： セーラからマシューへ
　　　　03 00 16 00 5C 42 D7 08 23 11 00 00 00 00 00 00 ： マシューからセーラへ
　　　　00 00 00 00 ： 会話条件終わり
−オブジェクト指定−
D690AC　06 00 17 00 78 42 D7 08 04 02 0E 00 05 00 17 00 01 00 00 00 04 01 1D 00 ： マシューの居る家
　　　　06 00 18 00 20 43 D7 08 07 08 0E 00 05 00 18 00 01 00 00 00 07 07 1D 00 ： 村
　　　　05 00 00 00 60 43 D7 08 02 02 0E 00 ： 民家
　　　　05 00 00 00 90 43 D7 08 01 07 0E 00 ： 民家
　　　　05 00 00 00 C0 43 D7 08 04 0C 0E 00 ： 民家
　　　　07 00 00 00 5A 00 00 00 0C 06 12 00 ： 宝箱
　　　　07 00 19 00 0E 00 00 00 10 01 12 00 ： 宝箱
　　　　08 00 00 00 01 00 00 00 10 03 10 00 ： 扉
　　　　08 00 00 00 01 00 00 00 08 03 10 00 ： 扉
　　　　08 00 00 00 01 00 00 00 10 09 10 00 ： 扉
　　　　00 00 00 00 
　　　　01 00 07 00 F0 43 D7 08 06 00 00 00 ： チュートリアルで指定した座標へ移動させなかった時のイベント？
　　　　01 00 08 00 84 44 D7 08 07 00 00 00 ： チュートリアルで指定した座標へ移動させなかった時のイベント？
　　　　01 00 09 00 18 45 D7 08 08 00 00 00 ： チュートリアルで指定した座標へ移動させなかった時のイベント？
　　　　01 00 0B 00 A0 45 D7 08 0A 00 00 00 ： チュートリアルで指定した座標へ移動させなかった時のイベント？
　　　　00 00 00 00 
　　　　04 02 00 00 FF 00 00 00 ： チュートリアルで移動させる座標指定
　　　　08 04 00 00 FF 00 00 00 ： チュートリアルで移動させる座標指定
　　　　08 01 00 00 FF 00 00 00 ： チュートリアルで移動させる座標指定
　　　　0C 06 00 00 FF 00 00 00 ： チュートリアルで移動させる座標指定
　　　　0F 00 0C 00 74 91 D6 08 40 46 D7 08 07 00 00 00 ： チュートリアルで指定した座標へ移動させなかった時のイベント？ 
　　　　0F 00 0D 00 7C 91 D6 08 80 46 D7 08 08 00 00 00 ： チュートリアルで指定した座標へ移動させなかった時のイベント？ 
　　　　0F 00 0E 00 84 91 D6 08 C0 46 D7 08 09 00 00 00 ： チュートリアルで指定した座標へ移動させなかった時のイベント？ 
　　　　0F 00 0F 00 8C 91 D6 08 00 47 D7 08 0B 00 00 00 ： チュートリアルで指定した座標へ移動させなかった時のイベント？ 
　　　　00 00 00 00 
　　　　00 00 00 00 ： オブジェクト指定終わり
−常時条件＆範囲条件−
D691DC　01 00 1A 00 0C 48 D7 08 19 00 00 00 ： チュートリアルの会話
　　　　01 00 13 00 40 47 D7 08 07 00 00 00 ： チュートリアルの会話
　　　　01 00 14 00 6C 47 D7 08 08 00 00 00 ： チュートリアルの会話
　　　　01 00 15 00 C0 47 D7 08 0B 00 00 00 ： チュートリアルの会話
　　　　01 00 00 00 1C F7 D6 08 65 00 00 00 ： ゲームオーバー
　　　　0B 00 10 00 BC 48 D7 08 08 01 08 01 ： 仕掛けに乗った時のイベント？
　　　　0B 00 11 00 60 49 D7 08 10 07 10 07 ： 仕掛けに乗った時のイベント？
　　　　0B 00 12 00 14 4A D7 08 0C 01 0C 01 ： 仕掛けに乗った時のイベント？
　　　　00 00 00 00 ： 常時条件＆範囲条件終わり
−アドレス群−
D69240　40 90 D6 08 ： ターン条件へ
　　　　88 90 D6 08 ： 会話条件へ
　　　　AC 90 D6 08 ： オブジェクト指定へ
　　　　DC 91 D6 08 ： 常時条件＆範囲条件へ
　　　　2A F4 D6 08 ： アーチの配置
　　　　8E F5 D6 08 ： ？
　　　　44 EC D8 08 ： 敵軍初期配置
　　　　C4 EC D8 08 ： 敵軍初期配置
　　　　44 EC D8 08 ： 敵軍初期配置
　　　　44 EC D8 08 ： 敵軍初期配置
　　　　B4 EB D8 08 ： 自軍初期配置(未使用？)
　　　　B4 EB D8 08 ： 自軍初期配置
　　　　B4 EB D8 08 ： 自軍初期配置(未使用？)
　　　　B4 EB D8 08 ： 自軍初期配置(未使用？)
　　　　90 3D D7 08 ： 開始イベント
　　　　74 4A D7 08 ： 終了イベント

■イベント内容
D73D90　3B 00 00 00 
　　　　3C 00 00 00 21 8C 01 08 
　　　　30 00 00 00 34 EB D8 08 
　　　　39 00 00 00 
　　　　30 00 00 00 74 EA D8 08 
　　　　39 00 00 00 
　　　　76 00 4E 00 
　　　　8C 00 10 00 90 00 00 00 
　　　　05 00 2F 00 
　　　　8D 00 10 00 91 00 00 00 
　　　　0D 00 00 00 47 09 00 00 09 00 00 00 
　　　　3A 00 00 00 ： 移動を開始したユニットにカメラを合わせる
　　　　02 00 40 00 
　　　　24 00 00 00 17 00 00 00 04 00 06 00 
　　　　02 00 40 00 
　　　　24 00 00 00 23 00 00 00 00 00 0A 00 
　　　　39 00 00 00 
　　　　8C 00 10 00 90 00 00 00 
　　　　05 00 2F 00 
　　　　8D 00 10 00 91 00 00 00 
　　　　0D 00 00 00 48 09 00 00 09 00 00 00 
　　　　3B 00 00 00 
　　　　26 00 00 00 03 00 00 00 4A 3D D7 08 
　　　　26 00 00 00 18 00 00 00 5B 3D D7 08 
　　　　26 00 00 00 0D 00 00 00 66 3D D7 08 
　　　　26 00 00 00 17 00 00 00 54 3D D7 08 
　　　　25 00 00 00 1D 00 00 00 06 00 08 00 18 00 00 00 
　　　　26 00 00 00 CD 00 00 00 74 3D D7 08 
　　　　39 00 00 00 
　　　　24 00 00 00 23 00 00 00 02 00 0A 00 
　　　　39 00 00 00 
　　　　26 00 00 00 DB 00 00 00 7F 3D D7 08 
　　　　39 00 00 00 
　　　　76 00 32 00 
　　　　0D 00 00 00 49 09 00 00 09 00 00 00 
　　　　24 00 00 00 23 00 00 00 03 00 05 00 
　　　　39 00 00 00 
　　　　21 00 00 00 00 00 09 00 00 00 0E 00 
　　　　21 00 00 00 02 00 08 00 00 00 0E 00 
　　　　21 00 00 00 06 00 0C 00 06 00 0E 00 
　　　　21 00 00 00 08 00 0A 00 08 00 0E 00 
　　　　24 00 00 00 DB 00 00 00 07 00 0E 00 
　　　　39 00 00 00 
　　　　69 00 00 00 DA 00 00 00 
　　　　69 00 00 00 DA 00 00 00 
　　　　69 00 00 00 DA 00 00 00 
　　　　69 00 00 00 DA 00 00 00 
　　　　69 00 00 00 DB 00 00 00 
　　　　1D 00 11 09 
　　　　02 00 40 00 
　　　　30 00 00 00 94 EB D8 08 
　　　　30 00 00 00 44 EC D8 08 
　　　　39 00 00 00 
　　　　8C 00 10 00 90 00 00 00 
　　　　05 00 2F 00 
　　　　8D 00 10 00 91 00 00 00 
　　　　0D 00 00 00 4A 09 00 00 09 00 00 00 
　　　　30 00 00 00 64 ED D8 08 
　　　　39 00 00 00 
　　　　24 00 00 00 1C 00 00 00 0A 00 09 00 
　　　　39 00 00 00 
　　　　64 00 00 00 08 00 09 00 
　　　　95 00 00 00 1C 00 00 00 9C 00 00 00 88 3D D7 08 00 00 00 00 ： 強制戦闘
　　　　71 00 00 00 1C 00 00 00 02 00 00 00 
　　　　6A 00 00 00 08 00 09 00 ： 座標のユニットを殺す
　　　　21 00 00 00 08 00 0B 00 0B 00 0B 00 
　　　　21 00 00 00 07 00 0A 00 07 00 0D 00 
　　　　39 00 00 00 
　　　　DD 00 00 00 05 00 00 00 
　　　　04 00 00 00 
　　　　02 00 40 00 
　　　　D2 00 00 00 4B 09 00 00 01 00 00 00 
　　　　D4 00 00 00 4C 09 00 00 01 00 00 00 
　　　　D4 00 00 00 4D 09 00 00 01 00 00 00 
　　　　D4 00 00 00 4E 09 00 00 01 00 00 00 
　　　　8C 00 10 00 90 00 00 00 
　　　　3C 00 00 00 D1 B3 07 08 ： 会話シーンからマップに画面を移す
　　　　05 00 2F 00 
　　　　8D 00 10 00 91 00 00 00 
　　　　0D 00 00 00 4F 09 00 00 09 00 00 00 
　　　　1D 00 04 02 
　　　　24 00 00 00 23 00 00 00 04 00 02 00 
　　　　39 00 00 00 
　　　　69 00 00 00 23 00 00 00 
　　　　7B 00 00 00 
　　　　8C 00 10 00 90 00 00 00 
　　　　05 00 01 00 
　　　　8D 00 10 00 91 00 00 00 
　　　　0D 00 00 00 50 09 00 00 09 00 00 00 
　　　　7C 00 00 00 
　　　　1E 00 1C 00 
　　　　24 00 00 00 1C 00 00 00 08 00 09 00 
　　　　39 00 00 00 
　　　　8C 00 10 00 90 00 00 00 
　　　　05 00 36 00 
　　　　8D 00 10 00 91 00 00 00 
　　　　0D 00 00 00 51 09 00 00 09 00 00 00 ： 会話(…領主さえ助け出せれば)
　　　　52 00 00 00 32 00 00 00 ：【32】ハードの場合飛ぶ
　　　　88 00 00 00 
　　　　02 00 08 00 
　　　　A5 00 05 00 00 00 00 00 52 09 00 00 
　　　　40 00 00 00 81 3B 08 08 
　　　　42 00 00 00 32 00 00 00 ：【32】
　　　　3C 00 00 00 79 8C 01 08 ： 不明
　　　　26 00 00 00 03 00 00 00 30 3D D7 08 
　　　　26 00 00 00 CD 00 00 00 29 3D D7 08 
　　　　39 00 00 00 
　　　　69 00 00 00 CD 00 00 00 
　　　　29 00 00 00 17 00 20 00 05 00 0A 00 F4 3C D7 08 
　　　　29 00 00 00 18 00 20 00 06 00 09 00 FA 3C D7 08 
　　　　2A 00 00 00 1D 00 00 00 38 3D D7 08 01 3D D7 08 
　　　　29 00 00 00 0D 00 20 00 06 00 0A 00 07 3D D7 08 
　　　　2A 00 00 00 1C 00 00 00 40 3D D7 08 23 3D D7 08 
　　　　39 00 00 00 
　　　　3C 00 00 00 4D B2 07 08 ： 不明
　　　　31 00 00 00 F4 EA D8 08 ： 
┗D8EAF4　08 12 03 18 04 07 03 09 1F 28 00 00 00 00 00 00 
　　　　　13 20 03 08 04 07 06 0B 37 6B 00 00 00 00 00 00 
　　　　　11 1D 03 08 04 07 04 09 4A 6B 00 00 00 00 00 00 
　　　　　00 00 00 00 00 00 00 00 00 00 00 00 00 00 00 00
　　　　39 00 00 00 
　　　　0A 00 00 00 00 00 00 00 

D74168　76 00 30 00 
　　　　0D 00 00 00 53 09 00 00 09 00 00 00 ： 会話(マーク、どうする？)
　　　　52 00 00 00 32 00 00 00 ：【32】
　　　　88 00 00 00 
　　　　02 00 08 00 
　　　　A5 00 05 00 00 00 00 00 54 09 00 00 
　　　　40 00 00 00 81 3B 08 08 
　　　　42 00 00 00 32 00 00 00 ：【32】
　　　　4F 00 01 00 63 00 00 00 ：【63】ハードの場合飛ぶ
　　　　74 00 06 00 
　　　　A1 00 00 00 
　　　　A2 00 00 00 71 00 00 00 
　　　　42 00 00 00 63 00 00 00 ：【63】
　　　　0A 00 00 00 00 00 00 00

D741CC　4F 00 01 00 63 00 00 00 ：【63】ハードの場合飛ぶ
　　　　1D 00 0C 06 
　　　　64 00 00 00 0C 00 06 00 
　　　　0D 00 00 00 61 09 00 00 09 00 00 00 ： 会話(おっ！　あれに見えるは)
　　　　52 00 00 00 32 00 00 00 ：【32】
　　　　88 00 00 00 
　　　　02 00 08 00 
　　　　A5 00 05 00 00 00 00 00 62 09 00 00 
　　　　40 00 00 00 81 3B 08 08 
　　　　42 00 00 00 32 00 00 00 ：【32】
　　　　74 00 0A 00 
　　　　42 00 00 00 63 00 00 00 ：【63】
　　　　0A 00 00 00 00 00 00 00 
　　　　
D7422C　1D 00 04 02 
　　　　30 00 00 00 44 ED D8 08 
　　　　39 00 00 00 
　　　　5D 00 02 00 ： マップ変化
　　　　77 00 42 00 
　　　　0D 00 00 00 66 09 00 00 09 00 00 00 ： 会話(お！　あんた)
　　　　78 00 06 00 
　　　　0A 00 00 00 00 00 00 00

D7425C　7B 00 00 00 
　　　　0D 00 00 00 91 09 00 00 09 00 00 00 ： 会話(……感じる。感じるわ！)
　　　　7C 00 00 00 
　　　　0A 00 00 00 00 00 00 00

D74278　9F 00 00 00 00 00 00 00 
　　　　77 00 42 00 
　　　　8C 00 10 00 90 00 00 00 
　　　　05 00 01 00 
　　　　8D 00 10 00 91 00 00 00 
　　　　4C 00 00 00 05 00 00 00 03 00 00 00 ：【05】リン以外で訪問した場合飛ぶ
　　　　0D 00 00 00 57 09 00 00 ： 会話(お！　あんた)リンの場合
　　　　43 00 00 00 07 00 00 00 ：【07】
　　　　42 00 00 00 05 00 00 00 ：【05】
　　　　0D 00 00 00 58 09 00 00 ： 会話(お！　あんた)それ以外の場合
　　　　42 00 00 00 07 00 00 00 ：【07】
　　　　09 00 00 00 
　　　　78 00 06 00 
　　　　30 00 00 00 44 ED D8 08 
　　　　39 00 00 00 
　　　　52 00 00 00 32 00 00 00 ：【32】
　　　　88 00 00 00 
　　　　02 00 08 00 
　　　　A5 00 05 00 00 00 00 00 59 09 00 00 
　　　　40 00 00 00 81 3B 08 08 
　　　　1E 00 23 00 
　　　　65 00 00 00 23 00 00 00 
　　　　42 00 00 00 32 00 00 00 ：【32】
　　　　0A 00 00 00 00 00 00 00

D74320　7B 00 00 00 
　　　　8C 00 10 00 90 00 00 00 
　　　　05 00 01 00 
　　　　8D 00 10 00 91 00 00 00 
　　　　0D 00 00 00 94 09 00 00 09 00 00 00 ： 会話(街中で戦なんか始められたら)
　　　　7C 00 00 00 
　　　　84 00 00 00 91 00 00 00 59 00 00 00 69 00 00 00 ： アイテム入手
　　　　0A 00 00 00 00 00 00 00

D74360　7B 00 00 00 
　　　　8C 00 10 00 90 00 00 00 
　　　　05 00 01 00 
　　　　8D 00 10 00 91 00 00 00 
　　　　0D 00 00 00 95 09 00 00 09 00 00 00 ： 会話(この地を治めるアラフェン侯爵様は、)
　　　　7C 00 00 00 
　　　　0A 00 00 00 00 00 00 00

D74390　7B 00 00 00 
　　　　8C 00 10 00 90 00 00 00 
　　　　05 00 01 00 
　　　　8D 00 10 00 91 00 00 00 
　　　　0D 00 00 00 96 09 00 00 09 00 00 00 
　　　　7C 00 00 00 
　　　　0A 00 00 00 00 00 00 00

D743C0　7B 00 00 00 
　　　　8C 00 10 00 90 00 00 00 
　　　　05 00 01 00 
　　　　8D 00 10 00 91 00 00 00 
　　　　0D 00 00 00 97 09 00 00 09 00 00 00 
　　　　7C 00 00 00 
　　　　0A 00 00 00 00 00 00 00

D743F0　88 00 00 00 
　　　　4C 00 01 00 01 00 00 00 03 00 00 00 ：【01】リンで訪問した場合飛ぶ
　　　　3C 00 00 00 D9 D6 01 08 ： 不明
　　　　65 00 00 00 03 00 00 00 
　　　　0D 00 00 00 55 09 00 00 09 00 00 00 ： 会話(何をすればいい？　指示をちょうだい！)
　　　　9F 00 00 00 F3 03 00 00 ： 不明
　　　　3C 00 00 00 3D AF 07 08 ： 不明
　　　　75 00 07 00 
　　　　43 00 00 00 09 00 00 00 ：【09】
　　　　42 00 00 00 01 00 00 00 ：【01】
　　　　1D 00 04 01 
　　　　A9 00 00 00 74 91 D6 08 
┗D69174　04 02 00 00 FF 00 00 00 ： 強制移動の座標
　　　　02 00 28 00 
　　　　40 00 00 00 29 B2 07 08 
　　　　9F 00 00 00 02 01 00 00 
　　　　A2 00 00 00 63 00 00 00 
　　　　A2 00 00 00 67 00 00 00 
　　　　42 00 00 00 09 00 00 00 ：【09】
　　　　87 00 00 00 
　　　　0A 00 00 00 00 00 00 00

D74484　88 00 00 00 
　　　　4C 00 01 00 01 00 00 00 23 00 00 00 ：【01】マシューで訪問した場合飛ぶ
　　　　3C 00 00 00 D9 D6 01 08 
　　　　65 00 00 00 23 00 00 00 
　　　　0D 00 00 00 5B 09 00 00 09 00 00 00 ： 会話(ちがうだろ〜？)
　　　　9F 00 00 00 F3 03 00 00 
　　　　3C 00 00 00 3D AF 07 08 
　　　　75 00 08 00 
　　　　43 00 00 00 09 00 00 00 ：【09】
　　　　42 00 00 00 01 00 00 00 ：【01】
　　　　1D 00 08 01 
　　　　A9 00 00 00 7C 91 D6 08 
　　　　02 00 28 00 
　　　　40 00 00 00 29 B2 07 08 
　　　　9F 00 00 00 02 01 00 00 
　　　　A2 00 00 00 63 00 00 00 
　　　　A2 00 00 00 67 00 00 00 
　　　　42 00 00 00 09 00 00 00 ：【09】
　　　　87 00 00 00 
　　　　0A 00 00 00 00 00 00 00

D74518　88 00 00 00 
　　　　4C 00 01 00 01 00 00 00 1C 00 00 00 ：【01】ラスで訪問した場合飛ぶ
　　　　3C 00 00 00 D9 D6 01 08 
　　　　65 00 00 00 1C 00 00 00 
　　　　0D 00 00 00 5E 09 00 00 09 00 00 00 ： 会話(マークと言ったか)
　　　　9F 00 00 00 F3 03 00 00 
　　　　3C 00 00 00 3D AF 07 08 
　　　　75 00 09 00 
　　　　43 00 00 00 09 00 00 00 ：【09】
　　　　42 00 00 00 01 00 00 00 ：【01】
　　　　A9 00 00 00 84 91 D6 08 
　　　　02 00 28 00 
　　　　40 00 00 00 29 B2 07 08 
　　　　9F 00 00 00 02 01 00 00 
　　　　A2 00 00 00 63 00 00 00 
　　　　42 00 00 00 09 00 00 00 ：【09】
　　　　87 00 00 00 
　　　　0A 00 00 00 00 00 00 00

D745A0　88 00 00 00 
　　　　4C 00 01 00 01 00 00 00 23 00 00 00 ：【01】マシューで訪問した場合飛ぶ
　　　　3C 00 00 00 D9 D6 01 08 
　　　　65 00 00 00 23 00 00 00 
　　　　0D 00 00 00 63 09 00 00 09 00 00 00 ： 会話(キレイごとばっかじゃ戦いに勝てないぜ？)
　　　　9F 00 00 00 F3 03 00 00 
　　　　3C 00 00 00 3D AF 07 08 
　　　　75 00 0B 00 
　　　　43 00 00 00 09 00 00 00 ：【09】
　　　　42 00 00 00 01 00 00 00 ：【01】
　　　　A9 00 00 00 8C 91 D6 08 
　　　　02 00 08 00 
　　　　A5 00 00 00 20 00 60 00 64 09 00 00 
　　　　40 00 00 00 81 3B 08 08 
　　　　40 00 00 00 29 B2 07 08 
　　　　9F 00 00 00 02 01 00 00 
　　　　A2 00 00 00 63 00 00 00 
　　　　A2 00 00 00 67 00 00 00 
　　　　42 00 00 00 09 00 00 00 ：【09】
　　　　0A 00 00 00 00 00 00 00

D74640　88 00 00 00 
　　　　1D 00 04 01 
　　　　A9 00 00 00 74 91 D6 08 
　　　　02 00 08 00 
　　　　A5 00 00 00 30 00 30 00 56 09 00 00 ： チュートリアル会話(村を訪ねるんじゃなかった？)
　　　　40 00 00 00 81 3B 08 08 ： チュートリアルメッセージを表示しきるまで自軍フェイズに移行させない
　　　　40 00 00 00 29 B2 07 08 ： 移動先を示すカーソルを消す
　　　　75 00 0C 00 
　　　　87 00 00 00 
　　　　0A 00 00 00 00 00 00 00

D74680　88 00 00 00 
　　　　1E 00 23 00 
　　　　A9 00 00 00 7C 91 D6 08 
　　　　02 00 08 00 
　　　　A5 00 00 00 20 00 50 00 5C 09 00 00 
　　　　40 00 00 00 81 3B 08 08 
　　　　40 00 00 00 29 B2 07 08 
　　　　75 00 0D 00 
　　　　87 00 00 00 
　　　　0A 00 00 00 00 00 00 00

D746C0　88 00 00 00 
　　　　1D 00 08 00 
　　　　A9 00 00 00 84 91 D6 08 
　　　　02 00 08 00 
　　　　A5 00 00 00 10 00 20 00 5F 09 00 00 
　　　　40 00 00 00 81 3B 08 08 
　　　　40 00 00 00 29 B2 07 08 
　　　　75 00 0E 00 
　　　　87 00 00 00 
　　　　0A 00 00 00 00 00 00 00

D74700　88 00 00 00 
　　　　1E 00 23 00 
　　　　A9 00 00 00 8C 91 D6 08 02 00 08 00 
　　　　A5 00 00 00 10 00 60 00 65 09 00 00 
　　　　40 00 00 00 81 3B 08 08 
　　　　40 00 00 00 29 B2 07 08 
　　　　75 00 0F 00 
　　　　87 00 00 00 
　　　　0A 00 00 00 00 00 00 00

D74740　88 00 00 00 
　　　　9F 00 00 00 00 00 00 00 
　　　　0D 00 00 00 5A 09 00 00 09 00 00 00 ： 会話(そこの、あんた！)
　　　　A1 00 00 00 
　　　　A2 00 00 00 71 00 00 00 
　　　　0A 00 00 00 00 00 00 00

D7476C　88 00 00 00 
　　　　9F 00 00 00 00 00 00 00 
　　　　52 00 00 00 32 00 00 00 ：【32】
　　　　02 00 08 00 
　　　　A5 00 05 00 00 00 00 00 5D 09 00 00 
　　　　40 00 00 00 81 3B 08 08 
　　　　1E 00 1C 00 
　　　　65 00 00 00 1C 00 00 00 
　　　　42 00 00 00 32 00 00 00 ：【32】
　　　　A1 00 00 00 
　　　　A2 00 00 00 71 00 00 00 
　　　　0A 00 00 00 00 00 00 00

D747C0　88 00 00 00 
　　　　9F 00 00 00 00 00 00 00 
　　　　0D 00 00 00 98 09 00 00 09 00 00 00 ：会話( おっ！　これは「天使の衣」だぜ)
　　　　52 00 00 00 32 00 00 00 ：【32】
　　　　02 00 08 00 
　　　　A5 00 05 00 00 00 00 00 99 09 00 00 
　　　　40 00 00 00 81 3B 08 08 
　　　　42 00 00 00 32 00 00 00 ：【32】　
　　　　A1 00 00 00 
　　　　0A 00 00 00 00 00 00 00

D7480C　52 00 00 00 32 00 00 00 ：【32】　
　　　　0D 00 00 00 9A 09 00 00 09 00 00 00 ： 会話(「アーマーキラー」か！)
　　　　88 00 00 00 
　　　　02 00 08 00 
　　　　A5 00 05 00 00 00 00 00 9B 09 00 00 
　　　　40 00 00 00 81 3B 08 08 
　　　　42 00 00 00 32 00 00 00 ：【32】
　　　　0A 00 00 00 00 00 00 00

D7484C　67 09 00 00 ： 仕掛けを解いた際の、各ユニットの台詞番号
　　　　68 09 00 00 
　　　　69 09 00 00 
　　　　6A 09 00 00 
　　　　6B 09 00 00 
　　　　6C 09 00 00 
　　　　6D 09 00 00 
　　　　6E 09 00 00 
　　　　6F 09 00 00 
　　　　70 09 00 00 
　　　　71 09 00 00 
　　　　72 09 00 00 
　　　　73 09 00 00 
　　　　74 09 00 00 
　　　　75 09 00 00 
　　　　76 09 00 00 
　　　　77 09 00 00 
　　　　78 09 00 00 
　　　　79 09 00 00 
　　　　7A 09 00 00 
　　　　7B 09 00 00 
　　　　7C 09 00 00 
　　　　7D 09 00 00 
　　　　7E 09 00 00 
　　　　7F 09 00 00 
　　　　80 09 00 00 
　　　　81 09 00 00 
　　　　82 09 00 00 
　　　　
D748BC　46 00 00 00 01 00 00 00 65 AD 07 08 ：【01】条件を満たしたら飛ぶ
┗07AD65　21 03 48 C0 7B 00 28 00 D1 01 21 08 1C 70 47 F4 
　　　　　BB 02 02 00 21 03 48 C0 7B 80 28 00 D1 01 21 08 
　　　　　1C 70 47 F4 BB 02 02 05 48 00 68 01 68 40 68 89 
　　　　　6A 80 6A 01 43 89 0B 01 20 88 43 70 47 00 00 B0 
　　　　　45 00 03 00 ： 不明
　　　　75 00 10 00 
　　　　43 00 00 00 63 00 00 00 ：【63】
　　　　42 00 00 00 01 00 00 00 ：【01】
　　　　1D 00 11 00 
　　　　02 00 20 00 
　　　　7D 00 B8 00 
　　　　4A 00 00 00 05 00 00 00 11 00 00 00 ：【05】フラグ11がオンの場合飛ぶ
　　　　5D 00 00 00 
　　　　4F 00 00 00 06 00 00 00 ：【06】不明。ノーマルの場合飛ぶとか？
　　　　15 00 00 00 4C 48 D7 08 ： 仕掛けを解いた時の各ユニットの会話
　　　　43 00 00 00 06 00 00 00 ：【06】
　　　　42 00 00 00 05 00 00 00 ：【05】
　　　　5D 00 08 00 
　　　　15 00 00 00 84 48 D7 08 ： 仕掛けを解いた時の各ユニットの会話
　　　　42 00 00 00 06 00 00 00 ：【09】
　　　　09 00 00 00 
　　　　4F 00 01 00 63 00 00 00 ：【63】
　　　　9F 00 00 00 00 00 00 00 
　　　　0D 00 00 00 60 09 00 00 09 00 00 00 ： 会話(これが一つ目の仕掛けだ。)
　　　　A1 00 00 00 
　　　　42 00 00 00 63 00 00 00 ：【63】
　　　　0A 00 00 00 00 00 00 00

D74960　46 00 00 00 01 00 00 00 65 AD 07 08 ：【01】
　　　　75 00 11 00 
　　　　43 00 00 00 63 00 00 00 ：【63】
　　　　42 00 00 00 01 00 00 00 ：【01】
　　　　1D 00 0C 00 
　　　　02 00 20 00 
　　　　7D 00 B8 00 
　　　　4B 00 00 00 05 00 00 00 10 00 00 00 ：【05】フラグ10がオフの場合飛ぶ
　　　　5D 00 08 00 
　　　　15 00 00 00 84 48 D7 08 ： 仕掛けを解いた時の各ユニットの会話
　　　　43 00 00 00 06 00 00 00 ：【06】
　　　　42 00 00 00 05 00 00 00 ：【05】
　　　　5D 00 00 00 
　　　　15 00 00 00 4C 48 D7 08 ： 仕掛けを解いた時の各ユニットの会話
　　　　42 00 00 00 06 00 00 00 ：【06】
　　　　09 00 00 00 
　　　　42 00 00 00 63 00 00 00 ：【63】
　　　　0A 00 00 00 00 00 00 00

D749DC　83 09 00 00 
　　　　84 09 00 00 
　　　　85 09 00 00 
　　　　86 09 00 00 
　　　　87 09 00 00 
　　　　88 09 00 00 
　　　　89 09 00 00 
　　　　8A 09 00 00 
　　　　8B 09 00 00 
　　　　8C 09 00 00 
　　　　8D 09 00 00 
　　　　8E 09 00 00 
　　　　8F 09 00 00 
　　　　90 09 00 00

D74A14　46 00 00 00 01 00 00 00 65 AD 07 08 ：【01】条件を満たしたら飛ぶ
　　　　75 00 12 00 
　　　　43 00 00 00 09 00 00 00 ：【09】
　　　　42 00 00 00 01 00 00 00 ：【01】
　　　　15 00 00 00 DC 49 D7 08 ： 仕掛けを解いた時の各ユニットの会話
　　　　09 00 00 00 
　　　　7D 00 AF 00 
　　　　5D 00 0C 00 
　　　　1A 00 00 00 A1 A8 07 08 92 09 00 00 93 09 00 00 ： 分岐会話
┗07A8A1　B5 1C 20 FF F7 86 FF 00 06 00 16 02 BC 08 47 00 ： ラスが生存している
　　　　 09 00 00 00 
　　　　56 00 00 00 74 4A D7 08 
　　　　42 00 00 00 09 00 00 00 ：【09】
　　　　0A 00 00 00 00 00 00 00

D74A74　A1 00 00 00 
　　　　76 00 38 00 
　　　　02 00 40 00 
　　　　8C 00 04 00 90 00 00 00 
　　　　3C 00 00 00 2D B3 07 08 ： マップのユニットを消す
　　　　05 00 10 00 
　　　　8D 00 04 00 91 00 00 00 
　　　　0D 00 00 00 9E 09 00 00 
　　　　7A 00 04 00 
　　　　02 00 3C 00 
　　　　76 00 39 00 
　　　　11 00 00 00 9F 09 00 00 
　　　　8C 00 04 00 90 00 00 00 
　　　　02 00 40 00 
　　　　05 00 0F 00 
　　　　8D 00 04 00 91 00 00 00 
　　　　0D 00 00 00 A0 09 00 00 
　　　　8C 00 04 00 90 00 00 00
　　　　02 00 40 00 
　　　　05 00 10 00 
　　　　8D 00 04 00 91 00 00 00 
　　　　0D 00 00 00 A1 09 00 00 
　　　　7A 00 08 00 
　　　　8C 00 04 00 90 00 00 00 
　　　　02 00 80 00 
　　　　05 00 32 00 
　　　　8D 00 04 00 91 00 00 00 
　　　　76 00 3F 00 
　　　　0D 00 00 00 A2 09 00 00 
　　　　7A 00 06 00 
　　　　8C 00 04 00 90 00 00 00 
　　　　82 00 00 00 31 00 00 00 00 00 00 00 00 00 00 00 ： マップ移動
　　　　30 00 00 00 84 ED D8 08 
　　　　39 00 00 00 
　　　　05 00 1E 00 
　　　　02 00 40 00 
　　　　76 00 A4 03 
　　　　8D 00 04 00 91 00 00 00 
　　　　47 00 00 00 01 00 00 00 A1 A8 07 08 ：【01】条件を満たさない飛ぶ
┗07A8A1　B5 1C 20 FF F7 86 FF 00 06 00 16 02 BC 08 47 00 ： ラスが生存している
　　　　0D 00 00 00 A3 09 00 00 
　　　　43 00 00 00 02 00 00 00 ：【02】
　　　　42 00 00 00 01 00 00 00 ：【01】
　　　　0D 00 00 00 A4 09 00 00 
　　　　42 00 00 00 02 00 00 00 ：【02】
　　　　09 00 00 00 
　　　　84 00 00 00 91 00 00 00 5C 00 01 00 88 13 00 00 ： お金の入手
　　　　87 00 00 00 
　　　　8C 00 04 00 90 00 00 00 
　　　　05 00 5B 00 
　　　　83 00 06 00 
　　　　CC 00 00 00 DC 8E D8 08 
　　　　98 00 00 00 ： 不明
　　　　7F 00 07 00 
　　　　02 00 01 00 01 00 00 00 
　　　　0A 00 00 00 00 00 00 00 

■この章で使われたフラグ
