※作業の高速化のため表記を省略しています。

７章　旅の姉弟

離脱ポイントX: Y:

■ワールドマップシーン

■イベント条件群

−ターン条件−
D69280　02 00 00 00 9C 4D D7 08 01 00 00 00 00 00 00 00 
　　　　00 00 00 00 
　　　　00 00 00 00 ： ターン条件終わり
−会話条件−
D69298　00 00 00 00 ： 会話条件終わり
−オブジェクト指定−
D6929C　05 00 00 00 64 4E D7 08 03 02 0E 00 
　　　　05 00 00 00 94 4E D7 08 04 01 0E 00 
　　　　05 00 00 00 F0 4E D7 08 11 0B 0E 00 
　　　　06 00 0D 00 A8 4F D7 08 11 02 0E 00 05 00 0D 00 01 00 00 00 11 01 1D 00 
　　　　0A 00 00 00 BA F1 D6 08 07 02 14 00 
　　　　00 00 00 00 
　　　　01 00 07 00 E8 4F D7 08 06 00 00 00 
　　　　01 00 08 00 A4 50 D7 08 07 00 00 00 
　　　　00 00 00 00 
　　　　03 05 00 00 FF 00 00 00 
　　　　02 05 00 00 FF 00 00 00 
　　　　0F 00 09 00 04 93 D6 08 50 51 D7 08 07 00 00 00 
　　　　0F 00 0A 00 0C 93 D6 08 90 51 D7 08 08 00 00 00 
　　　　00 00 00 00 
　　　　00 00 00 00 ： オブジェクト指定終わり
−常時条件＆範囲条件−
D6933C　01 00 00 00 8C 52 D7 08 02 00 00 00 ：　
　　　　01 00 0B 00 D0 51 D7 08 09 00 00 00 ： チュートリアル
　　　　01 00 0C 00 38 52 D7 08 0A 00 00 00 ： 
　　　　01 00 00 00 1C F7 D6 08 65 00 00 00 
　　　　00 00 00 00 ： 常時条件＆範囲条件終わり
−アドレス群−
D69370　80 92 D6 08 ： ターン条件へ
　　　　98 92 D6 08 ： 会話条件へ
　　　　9C 92 D6 08 ： オブジェクト指定へ
　　　　3C 93 D6 08 ： 常時条件＆範囲条件へ
　　　　2B F4 D6 08 ： アーチの配置
　　　　8F F5 D6 08 ： ？
　　　　C4 F0 D8 08 ： 敵軍初期配置
　　　　C4 F0 D8 08 ： 敵軍初期配置
　　　　C4 F0 D8 08 ： 敵軍初期配置
　　　　C4 F0 D8 08 ： 敵軍初期配置
　　　　A4 EF D8 08 ： 自軍初期配置(未使用？)
　　　　34 F0 D8 08 ： 自軍初期配置
　　　　A4 EF D8 08 ： 自軍初期配置(未使用？)
　　　　A4 EF D8 08 ： 自軍初期配置(未使用？)
　　　　F4 4B D7 08 ： 開始イベント
　　　　8C 52 D7 08 ： 終了イベント
          
■イベント内容
D74BF4　3B 00 00 00 
　　　　3C 00 00 00 21 8C 01 08 
　　　　1D 00 00 00 
　　　　0C 00 00 00 
　　　　02 00 20 00 
　　　　64 00 00 00 04 00 01 00 
　　　　02 00 40 00 
　　　　8C 00 10 00 90 00 00 00 
　　　　05 00 35 00 
　　　　8D 00 10 00 91 00 00 00 
　　　　0D 00 00 00 A5 09 00 00 09 00 00 00 
　　　　02 00 40 00 
　　　　30 00 00 00 D4 EE D8 08 
　　　　39 00 00 00 
　　　　02 00 40 00 
　　　　65 00 00 00 03 00 00 00 
　　　　8C 00 10 00 90 00 00 00 
　　　　05 00 1C 00 
　　　　8D 00 10 00 91 00 00 00 
　　　　0D 00 00 00 A6 09 00 00 09 00 00 00 
　　　　02 00 40 00 
　　　　30 00 00 00 54 EF D8 08 
　　　　39 00 00 00 
　　　　02 00 60 00 
　　　　25 00 00 00 26 00 00 00 02 00 04 00 10 00 00 00 
　　　　39 00 00 00 
　　　　8C 00 10 00 90 00 00 00 
　　　　05 00 1C 00 
　　　　8D 00 10 00 91 00 00 00 
　　　　0D 00 00 00 A7 09 00 00 
　　　　8C 00 10 00 90 00 00 00 
　　　　05 00 1C 00 
　　　　8D 00 10 00 91 00 00 00 
　　　　0D 00 00 00 A8 09 00 00 09 00 00 00 
　　　　30 00 00 00 74 EF D8 08 
　　　　39 00 00 00 
　　　　7A 00 06 00 
　　　　02 00 40 00 
　　　　8C 00 10 00 90 00 00 00 
　　　　05 00 1C 00 
　　　　8D 00 10 00 91 00 00 00 
　　　　76 00 52 00 
　　　　0D 00 00 00 A9 09 00 00 
　　　　8C 00 10 00 90 00 00 00 
　　　　05 00 5B 00 
　　　　8D 00 10 00 91 00 00 00 
　　　　7D 00 D3 00 ： SEの演奏
　　　　8E 00 10 00 90 00 00 00 
　　　　7D 00 F4 02 ： SEの演奏
　　　　02 00 0A 00 
　　　　8F 00 10 00 91 00 00 00 
　　　　8C 00 10 00 90 00 00 00 
　　　　05 00 1C 00 
　　　　8D 00 10 00 91 00 00 00 
　　　　0D 00 00 00 AA 09 00 00 09 00 00 00 
　　　　3C 00 00 00 79 8C 01 08 ： 不明
　　　　52 00 00 00 32 00 00 00 ：【32】
　　　　76 00 49 00 
　　　　88 00 00 00 
　　　　02 00 08 00 
　　　　A5 00 05 00 00 00 00 00 AB 09 00 00 
　　　　40 00 00 00 81 3B 08 08 
　　　　42 00 00 00 32 00 00 00 ：【32】
　　　　0B 00 00 00 00 00 00 00 

D74D9C　34 00 00 00 A4 EF D8 08 ： 自軍ユニットの呼び出し
　　　　39 00 00 00 
　　　　30 00 00 00 84 F1 D8 08 
　　　　39 00 00 00 
　　　　0C 00 00 00 
　　　　02 00 40 00 
　　　　7A 00 04 00 
　　　　02 00 40 00 
　　　　76 00 30 00 
　　　　30 00 00 00 A4 F1 D8 08 
　　　　39 00 00 00 
　　　　26 00 00 00 10 00 00 00 E8 4B D7 08 
　　　　39 00 00 00 
　　　　8C 00 10 00 90 00 00 00 
　　　　05 00 1C 00 
　　　　8D 00 10 00 91 00 00 00 
　　　　0D 00 00 00 AC 09 00 00 
　　　　77 00 42 00 
　　　　14 00 00 00　　　
　　　　09 00 00 00 
　　　　78 00 06 00 
　　　　52 00 00 00 32 00 00 00 ：【32】
　　　　88 00 00 00 
　　　　02 00 08 00 
　　　　A5 00 05 00 00 00 00 00 AD 09 00 00 
　　　　40 00 00 00 81 3B 08 08 
　　　　42 00 00 00 32 00 00 00 ：【32】
　　　　4F 00 01 00 63 00 00 00 ：【63】
　　　　74 00 06 00 
　　　　A1 00 00 00 
　　　　A2 00 00 00 71 00 00 00 
　　　　42 00 00 00 63 00 00 00 ：【63】
　　　　0A 00 00 00 00 00 00 00

D74E64　7B 00 00 00 
　　　　8C 00 10 00 90 00 00 00 
　　　　05 00 01 00 
　　　　8D 00 10 00 91 00 00 00 
　　　　0D 00 00 00 B9 09 00 00 09 00 00 00 
　　　　7C 00 00 00 
　　　　0A 00 00 00 00 00 00 00

D74E94　77 00 52 00 
　　　　8C 00 10 00 90 00 00 00 
　　　　05 00 01 00 
　　　　8D 00 10 00 91 00 00 00 
　　　　4C 00 00 00 03 00 00 00 26 00 00 00 ：【03】ニルス以外の場合飛ぶ
　　　　0D 00 00 00 BB 09 00 00 
　　　　43 00 00 00 05 00 00 00 ：【05】
　　　　42 00 00 00 03 00 00 00 ：【03】
　　　　0D 00 00 00 BA 09 00 00 
　　　　42 00 00 00 05 00 00 00 ：【05】
　　　　09 00 00 00 
　　　　78 00 06 00 
　　　　0A 00 00 00 00 00 00 00

D74EF0　4C 00 00 00 02 00 00 00 23 00 00 00 ：【02】マシュー以外の場合飛ぶ
　　　　4A 00 00 00 02 00 00 00 0E 00 00 00 ：【02】フラグOEがオンの場合飛ぶ
　　　　77 00 3E 00 
　　　　8C 00 10 00 90 00 00 00 
　　　　05 00 01 00 
　　　　8D 00 10 00 91 00 00 00 
　　　　0D 00 00 00 BC 09 00 00 09 00 00 00 ： 会話(あれ？ 若さま！！)
　　　　78 00 06 00 
　　　　74 00 0E 00 
　　　　43 00 00 00 09 00 00 00 ：【09】　
　　　　42 00 00 00 02 00 00 00 ：【02】
　　　　7B 00 00 00 
　　　　8C 00 10 00 90 00 00 00 
　　　　05 00 01 00 
　　　　8D 00 10 00 91 00 00 00 
　　　　4C 00 00 00 03 00 00 00 11 00 00 00 ：【03】
　　　　0D 00 00 00 BD 09 00 00 
　　　　43 00 00 00 05 00 00 00 ：【05】
　　　　42 00 00 00 03 00 00 00 ：【03】
　　　　0D 00 00 00 BE 09 00 00 
　　　　42 00 00 00 05 00 00 00 ：【05】
　　　　09 00 00 00 
　　　　7C 00 00 00 
　　　　42 00 00 00 09 00 00 00 ：【09】
　　　　0A 00 00 00 00 00 00 00
　

D7528C　A1 00 00 00 
　　　　76 00 39 00 
　　　　02 00 40 00 
　　　　8C 00 04 00 
　　　　90 00 00 00 ： 不明
　　　　3C 00 00 00 DD B2 07 08 ： 不明
　　　　05 00 3C 00 
　　　　8D 00 04 00 91 00 00 00 
　　　　0D 00 00 00 C1 09 00 00 ： 会話(ニルス、あなたの)
　　　　7A 00 04 00 
　　　　14 00 00 00 
　　　　3C 00 00 00 BD EB 00 08 
　　　　02 00 00 00 
　　　　76 00 3D 00 
　　　　DD 00 00 00 06 00 00 00 
　　　　04 00 00 00 
　　　　02 00 78 00 
　　　　DC 00 00 00 3D 00 00 00 
　　　　04 00 00 00 
　　　　0D 00 00 00 C2 09 00 00 
　　　　8C 00 04 00 90 00 00 00 
　　　　02 00 3C 00 
　　　　05 00 3D 00 
　　　　8D 00 04 00 91 00 00 00 
　　　　0D 00 00 00 C3 09 00 00 ： 会話(…というわけなの)
　　　　7A 00 06 00 
　　　　8C 00 10 00 90 00 00 00 
　　　　05 00 3C 00 
　　　　02 00 50 00 
　　　　76 00 3A 00 
　　　　8D 00 10 00 91 00 00 00 
　　　　0D 00 00 00 C4 09 00 00 ： 会話(ニニアン！気が付いた？)
　　　　54 00 10 00 07 00 00 00 ：【07】ターン分岐
　　　　8C 00 10 00 90 00 00 00 
　　　　05 00 3C 00 
　　　　8D 00 10 00 91 00 00 00 
　　　　0D 00 00 00 C5 09 00 00 ： 会話(…あ。)
　　　　8C 00 10 00 90 00 00 00 
　　　　05 00 3C 00 
　　　　8D 00 10 00 91 00 00 00 
　　　　0D 00 00 00 C6 09 00 00 
　　　　02 00 10 00 
　　　　8C 00 10 00 90 00 00 00 
　　　　3C 00 00 00 09 EC 00 08 
　　　　85 00 00 00 ： スキップ禁止
　　　　05 00 5B 00 
　　　　8D 00 10 00 91 00 00 00 
　　　　52 00 00 00 32 00 00 00 ：【32】ハードの場合飛ぶ
　　　　02 00 08 00 
　　　　A5 00 05 00 00 00 00 00 C7 09 00 00 
　　　　40 00 00 00 81 3B 08 08 
　　　　42 00 00 00 32 00 00 00 ：【32】
　　　　02 00 02 00 
　　　　3C 00 00 00 0D 5A 01 08 
┗015A0D　B5 0A 48 0A 4C 21 1C FD F7 38 FE 09 49 20 1C 12 
　　　　　22 04 23 FD F7 9A FE 07 48 80 21 89 00 40 22 EB 
　　　　　F7 16 FB 10 BC 01 BC 00 47 00 00 F0 F9 18 08 40 
　　　　　01 02 02 00 00 01 06 70 FE 18 08 00 ：　不明
　　　　A5 00 07 00 00 00 00 00 C8 09 00 00 ： 会話(外伝マップに進みますか？)
　　　　40 00 00 00 81 3B 08 08 
　　　　87 00 00 00 
　　　　8C 00 10 00 90 00 00 00 
　　　　05 00 3C 00 
　　　　8D 00 10 00 91 00 00 00 
　　　　50 00 00 00 06 00 00 00 ：【06】「いいえ」を選んだ場合飛ぶ
　　　　02 00 10 00 
　　　　0D 00 00 00 C9 09 00 00 ： 会話(…二人を助けるのね？)はいの場合？
　　　　CC 00 00 00 DC 8E D8 08 ： リン編負傷イベント
　　　　98 00 00 00 
　　　　7F 00 08 00 
　　　　02 00 01 00 01 00 00 00 
　　　　43 00 00 00 09 00 00 00 ：【09】
　　　　42 00 00 00 06 00 00 00 ：【06】
　　　　0D 00 00 00 CA 09 00 00 ： 会話(…そうね。それが正しい選択だと思うわ)
　　　　42 00 00 00 07 00 00 00 ：【07】
　　　　CC 00 00 00 DC 8E D8 08 ： リン編負傷イベント
　　　　98 00 00 00 
　　　　7F 00 09 00 
　　　　02 00 01 00 01 00 00 00 
　　　　42 00 00 00 09 00 00 00 ：【09】
　　　　0A 00 00 00 00 00 00 00

■この章で使われたフラグ
