※作業の高速化のため表記を省略しています。

９章　悲しき再会

離脱ポイントX: Y:

■ワールドマップシーン
DB1E74　85 00 00 00 
　　　　97 00 00 00 51 64 0B 08 
　　　　AD 00 00 00 01 00 00 00 30 01 F0 00 1C 00 00 00 
　　　　02 00 10 00 
　　　　87 00 00 00 
　　　　02 00 3C 00 
　　　　BE 00 00 00 00 00 00 00 AC 01 2E 01 01 00 00 00 00 00 00 00 
　　　　B8 00 00 00 00 00 00 00 AC 01 2E 01 02 00 00 00 00 00 00 00 
　　　　02 00 00 00 
　　　　B8 00 00 00 00 00 00 00 B2 01 4A 01 00 80 00 02 00 00 00 00 
　　　　02 00 00 00 
　　　　BE 00 00 00 01 00 00 00 B2 01 4A 01 00 00 00 00 00 00 00 00 
　　　　B5 00 00 00 
　　　　B4 00 00 00 91 06 00 00 ： 台詞(反逆者の汚名を着せられたリンたち。)
　　　　B2 00 00 00 00 00 00 00 16 00 00 00 BC 02 00 00 00 00 00 00 
　　　　02 00 06 00 
　　　　14 00 00 00 
　　　　40 00 00 00 D5 3D 0B 08 ： 不明
　　　　C2 00 00 00 20 01 08 01 08 00 00 00 00 00 00 00 
　　　　B3 00 00 00 00 00 00 00 00 02 00 00 00 00 00 00 
　　　　BE 00 00 00 02 00 00 00 9A 01 52 01 00 00 00 00 00 00 00 00 
　　　　B2 00 00 00 01 00 00 00 94 00 00 00 34 05 00 00 10 00 00 00 
　　　　14 00 00 00 
　　　　B3 00 00 00 01 00 00 00 00 01 00 00 00 00 00 00 
　　　　B8 00 00 00 01 00 00 00 9A 01 52 01 38 20 00 00 00 00 00 00 
　　　　02 00 00 00 
　　　　B8 00 00 00 02 00 00 00 9A 01 52 01 38 20 00 00 00 00 00 00 
　　　　02 00 00 00 
　　　　B8 00 00 00 03 00 00 00 9A 01 52 01 38 20 00 00 00 00 00 00 
　　　　02 00 00 00 
　　　　B8 00 00 00 01 00 00 00 C0 01 79 01 00 00 00 00 00 00 00 00 
　　　　02 00 00 00 
　　　　B8 00 00 00 02 00 00 00 62 01 4B 01 00 00 00 00 00 00 00 00 
　　　　02 00 00 00 
　　　　B8 00 00 00 03 00 00 00 90 01 6B 01 00 00 00 00 00 00 00 00 
　　　　02 00 00 00 
　　　　B8 00 00 00 01 00 00 00 DD 01 9D 01 00 01 00 00 00 00 00 00 
　　　　02 00 00 00 
　　　　B8 00 00 00 02 00 00 00 3F 01 30 01 00 01 00 00 00 00 00 00 
　　　　02 00 00 00 
　　　　B8 00 00 00 03 00 00 00 7D 01 82 01 00 01 00 00 00 00 00 00 
　　　　02 00 00 00 
　　　　C3 00 00 00 1D 00 00 00 C8 00 00 00 ： ユニット画像を黒くする
　　　　B9 00 00 00 01 00 00 00 E8 00 00 00 
　　　　B9 00 00 00 02 00 00 00 E8 00 00 00 
　　　　B9 00 00 00 03 00 00 00 E8 00 00 00 
　　　　14 00 00 00 
　　　　C2 00 00 00 38 01 00 01 08 00 00 00 00 00 00 00 
　　　　B2 00 00 00 00 00 00 00 16 00 00 00 BC 02 00 00 00 00 00 00 
　　　　02 00 06 00 
　　　　14 00 00 00 
　　　　B2 00 00 00 01 00 00 00 02 00 00 00 34 05 00 00 00 00 00 00 
　　　　02 00 06 00 
　　　　14 00 00 00 
　　　　02 00 3C 00 
　　　　CB 00 00 00 
　　　　7A 00 04 00 
　　　　AE 00 00 00 
　　　　AF 00 00 00 
　　　　02 00 3C 00 
　　　　00 00 00 00

■イベント条件群

−ターン条件−
D69548　02 00 00 00 78 5A D7 08 01 00 00 00 00 00 00 00 
　　　　02 00 00 00 38 5C D7 08 03 00 00 00 00 00 00 00 
　　　　02 00 00 00 7C 5B D7 08 01 04 80 00 00 00 00 00 
　　　　02 00 00 00 90 5B D7 08 01 03 80 00 00 00 00 00 
　　　　02 00 00 00 A4 5B D7 08 01 02 80 00 00 00 00 00 
　　　　02 00 00 00 B8 5B D7 08 01 02 80 00 00 00 00 00 
　　　　02 00 00 00 CC 5B D7 08 01 04 80 00 00 00 00 00 
　　　　02 00 00 00 E0 5B D7 08 01 03 80 00 00 00 00 00 
　　　　00 00 00 00 
　　　　00 00 00 00 ： ターン条件終わり
−会話条件−
D695D0　00 00 00 00 ： 会話条件終わり
−オブジェクト指定−
D695D4　05 00 03 00 01 00 00 00 11 0D 0F 00 
　　　　06 00 0E 00 24 5D D7 08 01 05 0E 00 
　　　　05 00 0E 00 01 00 00 00 01 04 1D 00 
　　　　05 00 00 00 F4 5C D7 08 0E 01 0E 00 
　　　　00 00 00 00 
　　　　01 00 07 00 64 5D D7 08 06 00 00 00 
　　　　00 00 00 00 
　　　　02 08 00 00 FF 00 00 00 
　　　　0F 00 08 00 18 96 D6 08 34 5E D7 08 07 00 00 00 
　　　　00 00 00 00 
　　　　00 00 00 00 ： オブジェクト指定終わり
−常時条件＆範囲条件−
D69638　01 00 09 00 74 5E D7 08 08 00 00 00 
　　　　01 00 00 00 1C F7 D6 08 65 00 00 00 
　　　　00 00 00 00 ： 常時条件＆範囲条件終わり

−アドレス群−
D69654　48 95 D6 08 ： ターン条件へ
　　　　D0 95 D6 08 ： 会話条件へ
　　　　D4 95 D6 08 ： オブジェクト指定へ
　　　　38 96 D6 08 ： 常時条件＆範囲条件へ
　　　　34 F4 D6 08 ： アーチの配置
　　　　92 F5 D6 08 ： ？
　　　　3C FC D8 08 ： 敵軍初期配置
　　　　3C FC D8 08 ： 敵軍初期配置
　　　　3C FC D8 08 ： 敵軍初期配置
　　　　3C FC D8 08 ： 敵軍初期配置
　　　　4C FA D8 08 ： 自軍初期配置(未使用？)
　　　　FC FA D8 08 ： 自軍初期配置
　　　　4C FA D8 08 ： 自軍初期配置(未使用？)
　　　　4C FA D8 08 ： 自軍初期配置(未使用？)
　　　　40 59 D7 08 ： 開始イベント
　　　　98 5E D7 08 ： 終了イベント

■イベント内容
D75940　3B 00 00 00 
　　　　3C 00 00 00 21 8C 01 08 
　　　　1D 00 00 00 
　　　　0C 00 00 00 
　　　　02 00 40 00 
　　　　64 00 00 00 01 00 05 00 
　　　　76 00 3D 00 
　　　　8C 00 10 00 90 00 00 00 
　　　　05 00 02 00 
　　　　8D 00 10 00 91 00 00 00 
　　　　0D 00 00 00 E1 09 00 00 09 00 00 00 
　　　　30 00 00 00 AC FB D8 08 
　　　　39 00 00 00 
　　　　25 00 00 00 01 00 00 00 FF FF 06 00 12 00 00 00 
　　　　39 00 00 00 
　　　　69 00 00 00 01 00 00 00 
　　　　02 00 40 00 
　　　　30 00 00 00 CC FB D8 08 
　　　　39 00 00 00 
　　　　7A 00 06 00 
　　　　1E 00 03 00 
　　　　65 00 00 00 03 00 00 00 
　　　　02 00 40 00 
　　　　76 00 32 00 
　　　　8C 00 10 00 90 00 00 00 
　　　　05 00 20 00 
　　　　8D 00 10 00 91 00 00 00 
　　　　0D 00 00 00 E2 09 00 00 ： 会話(さぁ、行きましょう)
D759F0　55 00 00 00 05 00 00 00 23 00 00 00 ：【05】不明
　　　　11 00 00 00 E3 09 00 00 ： 会話(じゃあ、なるべく、)
　　　　42 00 00 00 05 00 00 00 ：【05】
　　　　09 00 00 00 
　　　　02 00 20 00 
　　　　3C 00 00 00 79 8C 01 08 
　　　　26 00 00 00 CD 00 00 00 3A 59 D7 08 
　　　　39 00 00 00 
　　　　69 00 00 00 CD 00 00 00 
　　　　29 00 00 00 17 00 10 00 63 00 00 00 2C 59 D7 08 
　　　　29 00 00 00 18 00 10 00 63 00 00 00 31 59 D7 08 
　　　　29 00 00 00 1D 00 10 00 63 00 00 00 36 59 D7 08 
　　　　39 00 00 00 
　　　　3C 00 00 00 4D B2 07 08 ： 不明
　　　　0B 00 00 00 00 00 00 00 

D75A78　34 00 00 00 4C FA D8 08 
　　　　39 00 00 00 
　　　　0C 00 00 00 
　　　　02 00 40 00 
　　　　55 00 00 00 02 00 00 00 23 00 00 00 ：【02】不明
　　　　76 00 30 00 
　　　　0D 00 00 00 E4 09 00 00 09 00 00 00 
　　　　42 00 00 00 02 00 00 00 ：【02】
　　　　7A 00 06 00 
　　　　02 00 40 00 
　　　　30 00 00 00 5C FD D8 08 
　　　　39 00 00 00 
　　　　76 00 32 00 
　　　　8C 00 10 00 90 00 00 00 
　　　　05 00 20 00 
　　　　8D 00 10 00 91 00 00 00 
　　　　0D 00 00 00 E5 09 00 00 ： 会話(来たか。)
　　　　49 00 00 00 0A 00 00 00 ：【0A】不明
　　　　76 00 43 00 
　　　　11 00 00 00 E6 09 00 00 ： 会話(わしは三十年騎士として生き、)
　　　　42 00 00 00 0A 00 00 00 ：【0A】
　　　　09 00 00 00 
　　　　7A 00 04 00 
　　　　02 00 40 00 
　　　　76 00 30 00 
　　　　4F 00 01 00 63 00 00 00 ：【63】
　　　　0D 00 00 00 E7 09 00 00 09 00 00 00 ： 会話(このまま引退するつもり)
　　　　52 00 00 00 32 00 00 00 ：【32】
　　　　1E 00 2C 00 
　　　　65 00 00 00 2C 00 00 00 
　　　　88 00 00 00 
　　　　02 00 08 00 
　　　　A5 00 05 00 00 00 00 00 E8 09 00 00 
　　　　40 00 00 00 81 3B 08 08 
　　　　42 00 00 00 32 00 00 00 ：【32】
　　　　74 00 06 00 
　　　　A1 00 00 00 
　　　　A2 00 00 00 71 00 00 00 
　　　　42 00 00 00 63 00 00 00 ：【63】
　　　　0A 00 00 00 00 00 00 00

D75B7C　30 00 00 00 9C FC D8 08 
　　　　39 00 00 00 
　　　　0A 00 00 00 00 00 00 00

D75B90　30 00 00 00 BC FC D8 08 
　　　　39 00 00 00 
　　　　0A 00 00 00 00 00 00 00

D75BA4　30 00 00 00 DC FC D8 08 
　　　　39 00 00 00 
　　　　0A 00 00 00 00 00 00 00

D75BB8　30 00 00 00 FC FC D8 08 
　　　　39 00 00 00 
　　　　0A 00 00 00 00 00 00 00

D75BCC　30 00 00 00 1C FD D8 08 
　　　　39 00 00 00 
　　　　0A 00 00 00 00 00 00 00

D75BE0　30 00 00 00 3C FD D8 08 
　　　　39 00 00 00 
　　　　0A 00 00 00 00 00 00 00

D75BF4　30 00 00 00 9C FC D8 08 
　　　　39 00 00 00 
　　　　30 00 00 00 BC FC D8 08 
　　　　39 00 00 00 
　　　　30 00 00 00 DC FC D8 08 
　　　　39 00 00 00 
　　　　30 00 00 00 FC FC D8 08 
　　　　39 00 00 00 
　　　　30 00 00 00 1C FD D8 08 
　　　　39 00 00 00 
　　　　0A 00 00 00 00 00 00 00

D75C38　74 00 04 00 
　　　　9B 00 03 00 ： 霧をかける
　　　　76 00 07 00 
　　　　8C 00 10 00 90 00 00 00 
　　　　05 00 20 00 
　　　　8D 00 10 00 91 00 00 00 
　　　　0D 00 00 00 EF 09 00 00 09 00 00 00 ： 会話(…霧が出てきたわ。)
　　　　0A 00 00 00 00 00 00 00


D75CF4　7B 00 00 00 
　　　　8C 00 10 00 90 00 00 00 
　　　　05 00 01 00 
　　　　8D 00 10 00 91 00 00 00 
　　　　0D 00 00 00 EE 09 00 00 09 00 00 00 ： 会話(キアランの軍を率いてるのは)
　　　　7C 00 00 00 
　　　　0A 00 00 00 00 00 00 00


■この章で使われたフラグ
