※作業の高速化のため表記を省略しています。

第十章　遥かなる草原

離脱ポイントX: Y:

■ワールドマップシーン
DB20F0　85 00 00 00 ： スキップを許可しない
　　　　97 00 00 00 51 64 0B 08 
┗0B6451　B5 4D F7 5D FE FF F7 8F FC 00 20 FD F7 C2 FC 01 
　　　　　BC 00 47 00 ： 不明
　　　　　AD 00 00 00 01 00 00 00 38 01 00 01 1C 00 00 00 ： 地図画像の表示
　　　　　02 00 10 00 
　　　　　87 00 00 00 ： スキップを許可する
　　　　　02 00 3C 00 
　　　　　BE 00 00 00 00 00 00 00 B2 01 4A 01 01 00 00 00 00 00 00 00 ： 丸の表示
　　　　　B8 00 00 00 00 00 00 00 B2 01 4A 01 02 00 00 00 00 00 00 00 ： ユニット表示
　　　　　02 00 00 00 B5 00 00 00 
　　　　　B4 00 00 00 93 06 00 00 ： メッセージ
　　　　　B2 00 00 00 00 00 00 00 93 00 00 00 BC 02 00 00 00 00 00 00 ： 顔画像
　　　　　02 00 06 00 
　　　　　14 00 00 00 ： 会話イベントの読み込み一区切り
　　　　　B3 00 00 00 00 00 00 00 00 02 00 00 00 00 00 00 ： 不明
　　　　　B8 00 00 00 00 00 00 00 9A 01 52 01 02 80 08 00 00 00 00 00 ： ユニットの移動指定
　　　　　02 00 00 00 
　　　　　BE 00 00 00 01 00 00 00 9A 01 52 01 00 00 00 00 00 00 00 00 ： 丸の表示
　　　　　14 00 00 00 ： 会話イベントの読み込み一区切り
　　　　　B2 00 00 00 00 00 00 00 94 00 00 00 34 05 00 00 00 00 00 00 ： 顔画像
　　　　　02 00 06 00 
　　　　　B8 00 00 00 01 00 00 00 9A 01 52 01 16 20 00 00 00 00 00 00 
　　　　　02 00 00 00 
　　　　　14 00 00 00 
　　　　　B2 00 00 00 01 00 00 00 16 00 00 00 BC 02 00 00 00 00 00 00 ： 顔画像
　　　　　02 00 06 00 
　　　　　14 00 00 00 
　　　　　B8 00 00 00 00 00 00 00 9A 01 52 01 00 02 08 00 00 00 00 00 ： 
　　　　　02 00 00 00 
　　　　　B8 00 00 00 01 00 00 00 9A 01 52 01 00 02 00 00 00 00 00 00 ： 
　　　　　02 00 00 00 
　　　　　02 00 3C 00 
　　　　　CB 00 00 00 ： 不明
　　　　　7A 00 04 00 ： BGMの消音
　　　　　AE 00 00 00 ： 画面のフェードアウト
　　　　　AF 00 00 00 ： 表示している画像を消す
　　　　　02 00 3C 00 
　　　　　00 00 00 00

■イベント条件群

−ターン条件−
D69694　02 00 00 00 7C 60 D7 08 01 00 00 00 00 00 00 00 
　　　　02 00 00 00 2C 02 D9 08 05 07 80 00 00 00 00 00 
　　　　02 00 00 00 2C 02 D9 08 08 09 80 00 00 00 00 00 
　　　　02 00 00 00 94 60 D7 08 02 00 00 00 00 00 00 00 
　　　　02 00 00 00 D0 60 D7 08 03 00 00 00 00 00 00 00 
　　　　02 00 00 00 A8 60 D7 08 04 00 00 00 00 00 00 00 
　　　　02 00 00 00 E0 60 D7 08 05 00 00 00 00 00 00 00 
　　　　02 00 00 00 94 60 D7 08 08 00 00 00 00 00 00 00 
　　　　02 00 00 00 D0 60 D7 08 09 00 00 00 00 00 00 00 
　　　　02 00 00 00 BC 60 D7 08 09 00 00 00 00 00 00 00 
　　　　02 00 00 00 E0 60 D7 08 0A 00 00 00 00 00 00 00 
　　　　02 00 00 00 94 60 D7 08 0E 00 00 00 00 00 00 00 
　　　　02 00 00 00 D0 60 D7 08 0F 00 00 00 00 00 00 00 
　　　　02 00 00 00 BC 60 D7 08 0F 00 00 00 00 00 00 00 
　　　　02 00 00 00 E0 60 D7 08 10 00 00 00 00 00 00 00 
　　　　02 00 00 00 94 60 D7 08 13 00 00 00 00 00 00 00 
　　　　02 00 00 00 D0 60 D7 08 14 00 00 00 00 00 00 00 
　　　　02 00 00 00 BC 60 D7 08 14 00 00 00 00 00 00 00 
　　　　02 00 00 00 E0 60 D7 08 15 00 00 00 00 00 00 00 
　　　　02 00 00 00 94 60 D7 08 18 00 00 00 00 00 00 00 
　　　　02 00 00 00 D0 60 D7 08 19 00 00 00 00 00 00 00 
　　　　02 00 00 00 A8 60 D7 08 1A 00 00 00 00 00 00 00 
　　　　02 00 00 00 E0 60 D7 08 1B 00 00 00 00 00 00 00 
　　　　02 00 00 00 94 60 D7 08 1E 00 00 00 00 00 00 00 
　　　　02 00 00 00 D0 60 D7 08 1F 00 00 00 00 00 00 00 
　　　　00 00 00 00 00 00 00 00： ターン条件終わり
−会話条件−
D6982C　00 00 00 00 ： 会話条件終わり
−オブジェクト指定−
D69830　06 00 09 00 7C 61 D7 08 0F 0C 0E 00 
        05 00 09 00 01 00 00 00 0F 0B 1D 00 ： 村
        05 00 00 00 EC 60 D7 08 03 01 0E 00 ： 民家
　　　　05 00 00 00 1C 61 D7 08 0D 10 0E 00 ： 民家
　　　　05 00 00 00 4C 61 D7 08 10 02 0E 00 ： 民家
　　　　05 00 03 00 01 00 00 00 02 10 0F 00 ： 城門
　　　　0A 00 00 00 CC F1 D6 08 0C 0F 13 00 ： 武器屋
　　　　0A 00 00 00 D6 F1 D6 08 0B 0F 14 00 ： 道具屋
　　　　00 00 00 00 00 00 00 00 00 00 00 00 ： 残骸？
　　　　00 00 00 00 ： オブジェクト指定終わり
−常時条件＆範囲条件−
D698A0　01 00 00 00 1C F7 D6 08 65 00 00 00 ： ゲームオーバー
　　　　00 00 00 00 ： 常時条件＆範囲条件終わり

−アドレス群−
D698B0　94 96 D6 08 ： ターン条件へ
　　　　2C 98 D6 08 ： 会話条件へ
　　　　30 98 D6 08 ： オブジェクト指定へ
　　　　A0 98 D6 08 ： 常時条件＆範囲条件へ
　　　　35 F4 D6 08 ： アーチの配置
　　　　93 F5 D6 08 ： ？
　　　　C4 00 D9 08 ： 敵軍初期配置
　　　　C4 00 D9 08 ： 敵軍初期配置
　　　　C4 00 D9 08 ： 敵軍初期配置
　　　　C4 00 D9 08 ： 敵軍初期配置
　　　　04 FF D8 08 ： 自軍初期配置(未使用？)
　　　　E4 FF D8 08 ： 自軍初期配置
　　　　04 FF D8 08 ： 自軍初期配置(未使用？)
　　　　04 FF D8 08 ： 自軍初期配置(未使用？)
　　　　88 5F D7 08 ： 開始イベント
　　　　BC 61 D7 08 ： 終了イベント
            　      
■イベント内容
D75F88　3B 00 00 00 
　　　　3C 00 00 00 21 8C 01 08 
┗018C21　B5 01 24 0C 4D FF 20 20 40 80 00 40 19 02 68 13 
　　　　　1C 00 2A 15 D0 10 68 00 28 12 D0 D1 68 04 20 08 
　　　　　40 00 28 0A D0 80 20 40 03 01 43 05 20 40 42 01 
　　　　　40 D1 60 05 E0 00 00 6C 21 C0 08 05 48 01 40 D9 
　　　　　60 01 34 3F 2C DE DD 62 F0 60 FB 30 BC 01 BC 00 
　　　　　47 00 00 FF FF EF FF 70 B5 01 24 0B 4E 0C 4D FF 
　　　　　20 20 40 80 00 80 19 02 68 13 1C 00 2A 13 D0 10 
　　　　　68 00 28 10 D0 D1 68 80 20 40 03 08 40 00 28 08 
　　　　　D0 04 20 01 43 29 40 D1 60 05 E0 6C 21 C0 08 FF 
　　　　　FF EF FF 29 40 D9 60 01 34 3F 2C E0 DD 70 BC 01 
　　　　　BC 00 47 30 ： 不明
　　　　30 00 00 00 74 FE D8 08 ： イベントシーン用自軍ユニットの読み込み
　　　　39 00 00 00 
　　　　30 00 00 00 C4 00 D9 08 ： 敵軍初期配置読み込み
　　　　39 00 00 00 
　　　　1D 00 00 00 ： 不明
　　　　0C 00 00 00 ： マップの表示
　　　　02 00 40 00 
　　　　65 00 00 00 03 00 00 00 ： ユニットをカーソル強調
　　　　02 00 20 00 
　　　　76 00 02 00 
　　　　8C 00 10 00 
　　　　90 00 00 00 
　　　　05 00 20 00 
　　　　8D 00 10 00 
　　　　91 00 00 00 
　　　　0D 00 00 00 F8 09 00 00 
　　　　09 00 00 00 
　　　　3C 00 00 00 79 8C 01 08 
┗018C79　20 02 BC 08 47 00 00 04 4B C0 08 00 ： 不明
　　　　26 00 00 00 CD 00 00 00 84 5F D7 08 ： 移動指定
┗D75F84　0C 18 01 04
　　　　39 00 00 00 
　　　　69 00 00 00 CD 00 00 00 ： ユニットを消す
　　　　29 00 00 00 17 00 10 00 63 00 00 00 68 5F D7 08 ： 移動指定の亜種？
┗D75F68　0C 18 02 04
　　　　29 00 00 00 18 00 10 00 63 00 00 00 6C 5F D7 08 
┗D75F6C　0C 18 00 04
　　　　29 00 00 00 1D 00 10 00 63 00 00 00 70 5F D7 08 
┗D75F70　0C 18 03 04
　　　　29 00 00 00 0D 00 10 00 63 00 00 00 74 5F D7 08 
┗D75F74　0C 18 00 02 04
　　　　29 00 00 00 23 00 10 00 63 00 00 00 79 5F D7 08 
┗D75F79　0C 18 03 00 00 04
　　　　29 00 00 00 26 00 10 00 63 00 00 00 7F 5F D7 08 
┗D75F7F　0C 18 00 00 04
　　　　39 00 00 00 
　　　　3C 00 00 00 4D B2 07 08 
┗07B24D　B5 B5 F7 C9 FA 9C F7 67 FF 05 1C 10 27 EF 57 11 
　　　　　26 AE 57 01 24 20 1C 9D F7 46 FF 02 1C 00 2A 14 
　　　　　D0 10 68 00 28 11 D0 AA 42 0F D0 10 20 10 56 B8 
　　　　　42 0B D1 11 20 10 56 B0 42 07 D1 D1 68 30 20 08 
　　　　　40 00 28 02 D1 09 20 01 43 D1 60 01 34 3F 2C E1 
　　　　　DD AA F7 87 FC F0 BC 01 BC 00 47 10 ： 不明
　　　　0B 00 00 00 ： 画面暗転(編成用)
　　　　00 00 00 00 ： 編成画面へ

D7607C　34 00 00 00 04 FF D8 08 ： 自軍初期配置の呼び出し
　　　　39 00 00 00 
　　　　0C 00 00 00 ： マップの表示
　　　　0A 00 00 00 00 00 00 00 ： イベント一区切り
D76094　0D 00 00 00 F9 09 00 00 09 00 00 00 ： 会話(雲行きが…)
　　　　0A 00 00 00 00 00 00 00
D760A8　0D 00 00 00 FB 09 00 00 09 00 00 00 ： 会話(空が明るく)
　　　　0A 00 00 00 00 00 00 00
D760BC　0D 00 00 00 FA 09 00 00 09 00 00 00 ： 会話(降ってきたけど…)雨降り初回時のメッセージ。
　　　　0A 00 00 00 00 00 00 00
D760D0　7D 00 A2 03 ： SEの演奏
　　　　99 00 04 00 ： 天候変化(雨)
　　　　0A 00 00 00 00 00 00 00
D760E0　99 00 00 00 ： 天候変化(晴)
　　　　0A 00 00 00 00 00 00 00
D760EC　7B 00 00 00 ： BGMの音量を下げる
　　　　8C 00 10 00 90 00 00 00 ： 画面暗転
　　　　05 00 01 00 ： 背景
　　　　8D 00 10 00 91 00 00 00 ： 画面表示
　　　　0D 00 00 00 FD 09 00 00 09 00 00 00 ： 会話
　　　　7C 00 00 00 ： BGMの音量を戻す
　　　　0A 00 00 00 00 00 00 00 
D7611C　7B 00 00 00 
　　　　8C 00 10 00 90 00 00 00 
　　　　05 00 01 00 
　　　　8D 00 10 00 91 00 00 00 
　　　　0D 00 00 00 FE 09 00 00 09 00 00 00 
　　　　7C 00 00 00 
　　　　0A 00 00 00 00 00 00 00
D7614C　7B 00 00 00 
　　　　8C 00 10 00 90 00 00 00 
　　　　05 00 01 00 
　　　　8D 00 10 00 91 00 00 00 
　　　　0D 00 00 00 FF 09 00 00 09 00 00 00 
　　　　7C 00 00 00 
　　　　0A 00 00 00 00 00 00 00
D7617C　7B 00 00 00 
　　　　8C 00 10 00 90 00 00 00 
　　　　05 00 02 00 
　　　　8D 00 10 00 91 00 00 00 
　　　　0D 00 00 00 FC 09 00 00 09 00 00 00 
　　　　7C 00 00 00 
　　　　84 00 00 00 91 00 00 00 59 00 00 00 5B 00 00 00 
　　　　0A 00 00 00 00 00 00 00
D761BC　A1 00 00 00 ： 不明
　　　　7A 00 02 00 ： BGM消音
　　　　02 00 1E 00 
　　　　76 00 38 00 ： BGMの変更
　　　　8C 00 04 00 90 00 00 00 
　　　　3C 00 00 00 DD B2 07 08 
┗07B2DD　B5 41 24 20 1C 9D F7 07 FF 01 1C 00 29 05 D0 08 
　　　　　68 00 28 02 D0 08 1C 9C F7 00 FB 01 34 BF 2C F0 
　　　　　DD 10 BC 01 BC 00 47 10 ： 不明
　　　　05 00 10 00 
　　　　8D 00 04 00 91 00 00 00 
　　　　0D 00 00 00 05 0A 00 00 
　　　　7A 00 04 00 
　　　　8C 00 04 00 90 00 00 00 
　　　　02 00 3C 00 
　　　　7D 00 DB 02 ： SEの演奏
　　　　02 00 20 00 
　　　　05 00 13 00 
　　　　8D 00 04 00 91 00 00 00 
　　　　0D 00 00 00 06 0A 00 00 ： 会話
　　　　76 00 54 00 
　　　　11 00 00 00 07 0A 00 00 ： 会話２
　　　　3C 00 00 00 BD EB 00 08 
┗00EBBD　B5 04 1C 4D 30 00 78 00 06 00 16 00 28 02 D0 00 
　　　　　F0 1C F8 13 E0 0B 4D 28 1C F5 F7 D5 FC 00 28 0D 
　　　　　D0 FA F7 01 FD 08 49 28 1C F5 F7 43 FD 21 1C 50 
　　　　　31 08 20 08 80 20 1C 08 21 05 F0 DD FE 30 BC 01 
　　　　　BC 00 47 70 F9 BF 08 F5 73 00 08 00 ： 会話からCGシーンへ移行
　　　　02 00 00 00 ： ウェイト？
　　　　DD 00 00 00 08 00 00 00 ： CGの表示
　　　　02 00 00 00 
　　　　02 00 3C 00 
　　　　D2 00 00 00 08 0A 00 00 01 00 00 00 ： 会話
　　　　D4 00 00 00 09 0A 00 00 01 00 00 00 ： 会話
　　　　D4 00 00 00 0A 0A 00 00 01 00 00 00 ： 会話
　　　　DC 00 00 00 13 00 00 00 ： CGから会話シーンに戻す
　　　　02 00 00 00 
　　　　0D 00 00 00 0B 0A 00 00 
　　　　7A 00 02 00 
　　　　02 00 1E 00 
　　　　76 00 4B 00 
　　　　11 00 00 00 0C 0A 00 00 
　　　　8C 00 10 00 90 00 00 00 
　　　　05 00 17 00 
　　　　02 00 20 00 
　　　　8D 00 10 00 91 00 00 00 
　　　　0D 00 00 00 0D 0A 00 00 
　　　　7A 00 06 00 
　　　　8C 00 04 00 90 00 00 00 
　　　　02 00 20 00 
　　　　05 00 1E 00 
　　　　76 00 5B 00 
　　　　8D 00 04 00 91 00 00 00 
　　　　0D 00 00 00 0E 0A 00 00 
　　　　3C 00 00 00 BD EB 00 08 ： 会話からCGシーンへ移行
　　　　02 00 00 00 
　　　　DD 00 00 00 09 00 00 00 
　　　　04 00 00 00 ： 不明
　　　　02 00 3C 00 
　　　　D2 00 00 00 0F 0A 00 00 01 00 00 00 
　　　　04 00 3C 00 
　　　　8C 00 02 00 90 00 00 00 
　　　　02 00 32 00 
　　　　3C 00 00 00 D1 B3 07 08 
┗07B3D1　B5 02 1C 4C 32 13 78 00 21 51 56 01 20 40 42 81 
　　　　　42 08 D0 FF 20 10 70 B3 F7 24 FA B2 F7 5C FA F2 
　　　　　F7 9C F8 01 E0 B3 F7 1D FA 01 BC 00 47 00 00 00 ： 不明
　　　　02 00 64 00 
D7631C　56 00 00 00 E4 94 D8 08 
┗D894E4　74 00 83 00 
　　　　　81 00 00 00 01 00 00 00 ： リン編後日談の表示
　　　　　3C 00 00 00 71 92 0B 08 
　┗0B9271　B5 01 1C 02 48 4B F7 AD F8 01 BC 00 47 00 00 28 
　　　　　　88 DB 08 70 ： 不明
　　　　　02 00 00 00 
　　　　　02 00 00 00 
　　　　　0A 00 00 00 00 00 00 00
　　　　0A 00 00 00 00 00 00 00


■この章で使われたフラグ
09