※作業の高速化のため表記を省略しています。

１１章　旅の始まり

離脱ポイントX: Y:

■ワールドマップシーン
DB2248　85 00 00 00 
　　　　97 00 00 00 51 64 0B 08 
　　　　AD 00 00 00 00 00 00 00 00 00 00 00 5C 00 00 00 
　　　　02 00 10 00 
　　　　87 00 00 00 
　　　　02 00 88 00 
　　　　B6 00 00 00 ： 枠の表示
　　　　B4 00 00 00 94 06 00 00 
　　　　B4 00 00 00 95 06 00 00 ： 台詞(英雄ハルトムートが興した)
　　　　BA 00 00 00 00 00 00 00 04 00 00 00 00 00 00 00 
　　　　02 00 14 00 
　　　　14 00 00 00 
　　　　BD 00 00 00 00 00 00 00 
　　　　02 00 3C 00 
　　　　B7 00 00 00 ： メッセージ枠の消去
　　　　02 00 02 00 
　　　　B5 00 00 00 
　　　　B4 00 00 00 96 06 00 00 ： 台詞(聖女エリミーヌの御名が広まる)
　　　　BA 00 00 00 00 00 00 00 02 00 00 00 00 00 00 00 
　　　　02 00 14 00 
　　　　14 00 00 00 
　　　　BD 00 00 00 00 00 00 00 
　　　　02 00 3C 00 
　　　　B4 00 00 00 97 06 00 00 
　　　　BA 00 00 00 00 00 00 00 05 00 00 00 00 00 00 00 
　　　　02 00 14 00 
　　　　14 00 00 00 
　　　　BD 00 00 00 00 00 00 00 
　　　　02 00 3C 00 
　　　　B4 00 00 00 98 06 00 00 
　　　　BA 00 00 00 00 00 00 00 01 00 00 00 00 00 00 00 
　　　　02 00 14 00 
　　　　14 00 00 00 
　　　　BD 00 00 00 00 00 00 00 
　　　　02 00 3C 00 
　　　　B4 00 00 00 99 06 00 00 
　　　　BA 00 00 00 00 00 00 00 03 00 00 00 00 00 00 00 
　　　　02 00 14 00 
　　　　14 00 00 00 
　　　　BD 00 00 00 00 00 00 00 
　　　　02 00 3C 00 
　　　　B7 00 00 00 
　　　　02 00 02 00 
　　　　B6 00 00 00 
　　　　B4 00 00 00 9A 06 00 00 
　　　　BA 00 00 00 00 00 00 00 06 00 00 00 00 00 00 00 
　　　　02 00 14 00 
　　　　14 00 00 00 
　　　　BD 00 00 00 00 00 00 00 
　　　　02 00 3C 00 
　　　　B4 00 00 00 9B 06 00 00 
　　　　BA 00 00 00 00 00 00 00 00 00 00 00 00 00 00 00 
　　　　02 00 14 00 
　　　　14 00 00 00 
　　　　BD 00 00 00 00 00 00 00 
　　　　02 00 3C 00 
　　　　B4 00 00 00 9C 06 00 00 
　　　　B7 00 00 00 
　　　　02 00 02 00 
　　　　02 00 10 00 
　　　　BA 00 00 00 00 00 00 00 08 00 00 00 00 00 00 00 
　　　　02 00 14 00 
　　　　02 00 30 00 
　　　　BD 00 00 00 00 00 00 00 
　　　　02 00 3C 00 
　　　　C9 00 00 00 88 01 88 01 01 00 00 00 08 00 00 00 ： 地図の拡大
　　　　02 00 50 00 
　　　　BE 00 00 00 00 00 00 00 F5 01 D2 01 01 00 00 00 00 00 00 00 
　　　　B5 00 00 00 
　　　　B4 00 00 00 9E 06 00 00 ： 台詞(リキア同盟のひとつ、)
　　　　14 00 00 00 
　　　　B2 00 00 00 00 00 00 00 4F 00 00 00 BC 02 00 00 00 00 00 00 
　　　　02 00 06 00 
　　　　14 00 00 00 
　　　　B8 00 00 00 00 00 00 00 F5 01 D2 01 2A 00 00 00 00 00 00 00 
　　　　02 00 00 00 
　　　　B8 00 00 00 00 00 00 00 E0 01 A8 01 00 00 00 00 00 00 00 00 
　　　　02 00 00 00 
　　　　B8 00 00 00 00 00 00 00 D2 01 9F 01 00 00 00 00 00 00 00 00 
　　　　02 00 00 00 
　　　　B8 00 00 00 00 00 00 00 AA 01 9A 01 00 00 00 00 00 00 00 00 
　　　　02 00 00 00 
　　　　B8 00 00 00 00 00 00 00 7D 01 83 01 00 00 00 00 00 00 00 00 
　　　　02 00 00 00 
　　　　B8 00 00 00 00 00 00 00 5C 01 5E 01 00 00 00 02 00 00 00 00 
　　　　02 00 00 00 
　　　　14 00 00 00 
　　　　B3 00 00 00 00 00 00 00 00 02 00 00 00 00 00 00 
　　　　C3 00 00 00 1C 00 00 00 00 00 00 00 
　　　　B9 00 00 00 00 00 00 00 20 00 00 00 ： ユニット画像の消去
　　　　40 00 00 00 D5 3D 0B 08 
　　　　14 00 00 00 
　　　　B8 00 00 00 00 00 00 00 F5 01 D2 01 01 00 00 00 20 00 00 00 
　　　　02 00 00 00 
　　　　C4 00 00 00 1C 00 00 00 20 00 00 00 ： 黒を取る
　　　　14 00 00 00 
　　　　B2 00 00 00 00 00 00 00 02 00 00 00 BC 02 00 00 00 00 00 00 
　　　　02 00 06 00 
　　　　14 00 00 00 
　　　　BE 00 00 00 01 00 00 00 D2 01 9F 01 00 00 00 00 00 00 00 00 
　　　　B8 00 00 00 00 00 00 00 D2 01 9F 01 00 80 00 00 00 00 00 00 
　　　　02 00 00 00 
　　　　14 00 00 00 
　　　　02 00 3C 00 
　　　　CB 00 00 00 
　　　　7A 00 04 00 
　　　　AE 00 00 00 
　　　　AF 00 00 00 
　　　　02 00 3C 00 
　　　　00 00 00 00


■イベント条件群

−ターン条件−
D698F0　02 00 00 00 40 63 D7 08 01 00 00 00 00 00 00 00 
　　　　02 00 00 00 5C 66 D7 08 02 00 00 00 00 00 00 00 
　　　　00 00 00 00 ： ターン条件終わり
−会話条件−
D69914　00 00 00 00 ： 会話条件終わり
−オブジェクト指定−
D69918　05 00 00 00 84 66 D7 08 09 02 0E 00 
　　　　05 00 00 00 BC 66 D7 08 0A 02 0E 00 
　　　　06 00 08 00 EC 66 D7 08 10 02 0E 00 05 00 08 00 01 00 00 00 10 01 1D 00 
　　　　05 00 03 00 01 00 00 00 03 07 0F 00 
　　　　0A 00 00 00 E2 F1 D6 08 06 04 14 00 
　　　　00 00 00 00 ： オブジェクト指定終わり
−常時条件＆範囲条件−
D69964　01 00 00 00 1C F7 D6 08 65 00 00 00 
　　　　00 00 00 00 ： 常時条件＆範囲条件終わり

−アドレス群−
D69974　F0 98 D6 08 ： ターン条件へ
　　　　14 99 D6 08 ： 会話条件へ
　　　　18 99 D6 08 ： オブジェクト指定へ
　　　　64 99 D6 08 ： 常時条件＆範囲条件へ
　　　　36 F4 D6 08 ： アーチの配置
　　　　94 F5 D6 08 ： ？
　　　　54 03 D9 08 ： 敵軍初期配置
　　　　54 03 D9 08 ： 敵軍初期配置
　　　　54 03 D9 08 ： 敵軍初期配置
　　　　54 03 D9 08 ： 敵軍初期配置
　　　　54 02 D9 08 ： 自軍初期配置(未使用？)
　　　　54 02 D9 08 ： 自軍初期配置
　　　　54 02 D9 08 ： 自軍初期配置(未使用？)
　　　　54 02 D9 08 ： 自軍初期配置(未使用？)
　　　　40 63 D7 08 ： 開始イベント
　　　　58 67 D7 08 ： 終了イベント
               

■イベント内容

D76340　3B 00 00 00 
　　　　3C 00 00 00 65 DA 07 08 ： 不明
　　　　30 00 00 00 84 04 D9 08 
　　　　39 00 00 00 
　　　　30 00 00 00 54 02 D9 08 
　　　　39 00 00 00 
　　　　30 00 00 00 74 02 D9 08 
　　　　39 00 00 00 
　　　　30 00 00 00 54 03 D9 08 
　　　　39 00 00 00 
　　　　0D 00 00 00 12 0A 00 00 09 00 00 00 
　　　　1E 00 01 00 
　　　　3A 00 00 00 
　　　　24 00 00 00 01 00 00 00 0F 00 0A 00 
　　　　24 00 00 00 1A 00 00 00 0E 00 0B 00 
　　　　39 00 00 00 
　　　　02 00 0F 00 
　　　　25 00 00 00 35 00 00 00 10 00 0A 00 08 00 00 00 
　　　　39 00 00 00 
　　　　02 00 1E 00 
　　　　8C 00 10 00 90 00 00 00 
　　　　05 00 1C 00 
　　　　8D 00 10 00 91 00 00 00 
　　　　0D 00 00 00 13 0A 00 00 09 00 00 00 
　　　　02 00 1E 00 
　　　　25 00 00 00 35 00 00 00 12 00 0A 00 08 00 00 00 
　　　　39 00 00 00 
　　　　69 00 00 00 35 00 00 00 
　　　　7A 00 04 00 
　　　　24 00 00 00 67 00 00 00 12 00 09 00 
　　　　24 00 00 00 34 00 00 00 12 00 0B 00 
　　　　39 00 00 00 
　　　　69 00 00 00 67 00 00 00 
　　　　69 00 00 00 34 00 00 00 
　　　　02 00 1E 00 
　　　　24 00 00 00 1A 00 00 00 0F 00 0B 00 
　　　　39 00 00 00 
　　　　76 00 33 00 
　　　　0D 00 00 00 14 0A 00 00 09 00 00 00 
　　　　7A 00 04 00 
　　　　1D 00 03 07 
　　　　64 00 00 00 03 00 07 00 
　　　　76 00 20 00 
　　　　8C 00 10 00 90 00 00 00 
　　　　05 00 02 00 
　　　　8D 00 10 00 91 00 00 00 
　　　　0D 00 00 00 15 0A 00 00 09 00 00 00 
　　　　30 00 00 00 94 02 D9 08 
　　　　39 00 00 00 
　　　　02 00 1E 00 
　　　　30 00 00 00 34 03 D9 08 
　　　　39 00 00 00 
　　　　26 00 00 00 0E 00 00 00 2C 63 D7 08 
　　　　39 00 00 00 
　　　　69 00 00 00 0E 00 00 00 
　　　　24 00 00 00 19 00 00 00 0F 00 09 00 
　　　　39 00 00 00 
　　　　76 00 32 00 
　　　　8C 00 10 00 90 00 00 00 
　　　　05 00 1C 00 
　　　　8D 00 10 00 91 00 00 00 
　　　　0D 00 00 00 16 0A 00 00 09 00 00 00 
　　　　02 00 1E 00 
　　　　30 00 00 00 B4 02 D9 08 
　　　　39 00 00 00 
　　　　25 00 00 00 0E 00 00 00 0E 00 0A 00 10 00 00 00 
　　　　02 00 1E 00 
　　　　8C 00 10 00 90 00 00 00 
　　　　05 00 1C 00 
　　　　8D 00 10 00 91 00 00 00 
　　　　0D 00 00 00 17 0A 00 00 
　　　　47 00 00 00 0B 00 00 00 2D AE 07 08 ：【0B】軍師が居ない場合飛ぶ
　　　　02 00 1E 00 
　　　　8C 00 10 00 90 00 00 00 
　　　　05 00 1C 00 
　　　　8D 00 10 00 91 00 00 00 
　　　　0D 00 00 00 18 0A 00 00 09 00 00 00 
　　　　02 00 10 00 
　　　　30 00 00 00 C4 04 D9 08 
　　　　39 00 00 00 
　　　　25 00 00 00 CD 00 00 00 10 00 0A 00 10 00 00 00 
　　　　39 00 00 00 
　　　　8C 00 10 00 90 00 00 00 
　　　　05 00 1C 00 
　　　　8D 00 10 00 91 00 00 00 
　　　　0D 00 00 00 19 0A 00 00 ： 会話(あなたは、マーク殿！)
　　　　1C 00 00 00 
　　　　02 00 40 00 
　　　　11 00 00 00 1A 0A 00 00 ： 会話(…公女リンディスを)
　　　　42 00 00 00 0B 00 00 00 ：【0B】
　　　　09 00 00 00 
　　　　30 00 00 00 64 03 D9 08 
　　　　39 00 00 00 
　　　　30 00 00 00 B4 03 D9 08 
　　　　39 00 00 00 
　　　　30 00 00 00 F4 03 D9 08 
　　　　39 00 00 00 
　　　　30 00 00 00 14 04 D9 08 
　　　　39 00 00 00 
　　　　47 00 00 00 0E 00 00 00 2D AE 07 08 ：【0E】軍師が居ない場合飛ぶ
　　　　26 00 00 00 CD 00 00 00 36 63 D7 08 
　　　　39 00 00 00 
　　　　69 00 00 00 CD 00 00 00 
　　　　42 00 00 00 0E 00 00 00 ：【0E】
　　　　26 00 00 00 0E 00 00 00 30 63 D7 08 
　　　　24 00 00 00 1A 00 00 00 0E 00 0B 00 
　　　　26 00 00 00 01 00 00 00 34 63 D7 08 
　　　　39 00 00 00 
　　　　32 00 00 00 02 00 01 00 44 04 D9 08 ： ハード限定配置
　　　　0A 00 00 00 00 00 00 00

D7665C　30 00 00 00 D4 02 D9 08 
　　　　39 00 00 00 
　　　　77 00 42 00 
　　　　0D 00 00 00 1B 0A 00 00 09 00 00 00 ： 会話(バアトルとドルカス)
　　　　78 00 06 00 
　　　　0A 00 00 00 00 00 00 00 
　　　　
D76684　7B 00 00 00 
　　　　8C 00 10 00 90 00 00 00 
　　　　05 00 01 00 
　　　　8D 00 10 00 91 00 00 00 
　　　　1A 00 00 00 2D AE 07 08 1F 0A 00 00 1E 0A 00 00 ： 分岐会話
┗07AE2D　48 2B 30 00 78 C0 07 C0 0F 70 47 F4 BB 02 02 02 
　　　　　48 2C 30 00 78 C0 07 C0 0F 70 47 F4 BB 02 02 00 ： 軍師が居る？
　　　　09 00 00 00 
　　　　7C 00 00 00 
　　　　0A 00 00 00 00 00 00 00

D766BC　7B 00 00 00 
　　　　8C 00 10 00 90 00 00 00 
　　　　05 00 01 00 
　　　　8D 00 10 00 91 00 00 00 
　　　　0D 00 00 00 20 0A 00 00 09 00 00 00 
　　　　7C 00 00 00 
　　　　0A 00 00 00 00 00 00 00

D766EC　7B 00 00 00 
　　　　8C 00 10 00 90 00 00 00 
　　　　05 00 02 00 
　　　　8D 00 10 00 91 00 00 00 
　　　　4C 00 00 00 05 00 00 00 01 00 00 00 ：【05】エリウッド以外で訪問した場合飛ぶ
　　　　0D 00 00 00 1D 0A 00 00 
　　　　43 00 00 00 07 00 00 00 ：【07】
　　　　42 00 00 00 05 00 00 00 ：【05】
　　　　0D 00 00 00 1C 0A 00 00 
　　　　42 00 00 00 07 00 00 00 ：【07】
　　　　09 00 00 00 
　　　　7C 00 00 00 
　　　　84 00 00 00 91 00 00 00 59 00 00 00 5F 00 00 00 
　　　　0A 00 00 00 00 00 00 00

D76758　3C 00 00 00 75 DA 07 08 
┗07DA75　B5 08 20 FC F7 26 FB FC F7 EE FF 01 BC 00 47 00 ： 不明
　　　　76 00 38 00 
　　　　02 00 40 00 
　　　　8C 00 04 00 90 00 00 00 
　　　　3C 00 00 00 2D B3 07 08 ： マップのユニットを消す
　　　　05 00 02 00 
　　　　8D 00 04 00 91 00 00 00 
　　　　0D 00 00 00 23 0A 00 00 
　　　　11 00 00 00 24 0A 00 00 
　　　　09 00 00 00 
　　　　30 00 00 00 E4 04 D9 08 
　　　　02 00 05 00 
　　　　58 00 01 00 2D AE 07 08 ： 不明。軍師に関わる何か？
　　　　30 00 00 00 54 05 D9 08 
　　　　39 00 00 00 
　　　　47 00 00 00 05 00 00 00 2D AE 07 08 ：【05】軍師がいない場合飛ぶ
　　　　0D 00 00 00 25 0A 00 00 
　　　　02 00 40 00 
　　　　11 00 00 00 26 0A 00 00 
　　　　09 00 00 00 
　　　　25 00 00 00 01 00 00 00 02 00 08 00 10 00 00 00 
　　　　39 00 00 00 
　　　　26 00 00 00 CD 00 00 00 38 63 D7 08 
　　　　39 00 00 00 
　　　　69 00 00 00 CD 00 00 00 
　　　　42 00 00 00 05 00 00 00 ：【05】
　　　　25 00 00 00 01 00 00 00 FF FF 05 00 0F 00 00 00 
　　　　02 00 40 00 
　　　　25 00 00 00 1A 00 00 00 FF FF 05 00 0F 00 00 00 
　　　　39 00 00 00 
　　　　46 00 00 00 07 00 00 00 2D AE 07 08 ：【07】軍師がいない場合飛ぶ
　　　　30 00 00 00 14 05 D9 08 
　　　　39 00 00 00 
　　　　0D 00 00 00 27 0A 00 00 09 00 00 00 
　　　　42 00 00 00 07 00 00 00 ：【07】
　　　　47 00 00 00 08 00 00 00 01 A8 07 08 ：【08】
┗07A801　B5 0E 20 FF F7 D6 FF 00 06 00 16 02 BC 08 47 00 ： レベッカが生存している
　　　　30 00 00 00 34 05 D9 08 
　　　　02 00 10 00 
　　　　58 00 01 00 2D AE 07 08 ： 不明
　　　　30 00 00 00 14 05 D9 08 
　　　　39 00 00 00 
　　　　02 00 20 00
　　　　8C 00 10 00 90 00 00 00 
　　　　05 00 02 00 
　　　　8D 00 10 00 91 00 00 00 
　　　　0D 00 00 00 28 0A 00 00 09 00 00 00 
　　　　25 00 00 00 0E 00 00 00 FF FF 05 00 
　　　　14 00 00 00 
　　　　39 00 00 00 
　　　　42 00 00 00 08 00 00 00 ：【08】
　　　　CC 00 00 00 C8 91 D8 08 ： 負傷イベント
　　　　98 00 00 00 ： 不明
　　　　8C 00 04 00 90 00 00 00 
　　　　05 00 5B 00 
　　　　7F 00 0E 00 
　　　　02 00 01 00 01 00 00 00 
　　　　0A 00 00 00 00 00 00 00


┗D891C8　75 00 9D 00 ： フラグ9Dをオフ
　　　　　53 00 00 00 01 00 00 00 1A 00 00 00 7E 00 00 00 ：【01】マーカスが生きていて7Eがオンなら飛ぶ
　　　　　92 00 00 00 ： 不明
　　　　　90 00 00 00 ： 不明
　　　　　08 00 00 00 ： 背景を草原にしてBGMを『悲しみの中で』に変える
　　　　　8D 00 04 00 91 00 00 00 
　　　　　0D 00 00 00 D5 07 00 00 ： 会話(マーカスが敗北した場合)
　　　　　42 00 00 00 01 00 00 00 ：【01】
　　　　　53 00 00 00 02 00 00 00 26 00 00 00 7B 00 00 00 ：【02】ニルスが生きていて7Bがオンなら飛ぶ
　　　　　92 00 00 00 
　　　　　90 00 00 00 
　　　　　08 00 00 00 
　　　　　8D 00 04 00 91 00 00 00 
　　　　　0D 00 00 00 08 08 00 00 ： 会話(ニルスが敗北した場合)
　　　　　42 00 00 00 02 00 00 00 ：【02】
　　　　　53 00 00 00 03 00 00 00 25 00 00 00 7F 00 00 00 ：【03】ニニアンが生きていて7Fがオンなら飛ぶ
　　　　　92 00 00 00 
　　　　　90 00 00 00 
　　　　　08 00 00 00 
　　　　　8D 00 04 00 91 00 00 00 
　　　　　0D 00 00 00 EF 07 00 00 ： 会話(ニニアンが敗北した場合)
　　　　　42 00 00 00 03 00 00 00 ：【03】
　　　　　53 00 00 00 04 00 00 00 27 00 00 00 80 00 00 00 ：【04】アトスが生きていて80がオンなら飛ぶ
　　　　　92 00 00 00 
　　　　　90 00 00 00 
　　　　　08 00 00 00 
　　　　　8D 00 04 00 91 00 00 00 
　　　　　0D 00 00 00 0B 08 00 00 ： 会話(アトスが敗北した場合)
　　　　　42 00 00 00 04 00 00 00 ：【04】
　　　　　53 00 00 00 05 00 00 00 0B 00 00 00 92 00 00 00 ：【05】オズインが生きていて92がオンなら飛ぶ
　　　　　92 00 00 00 
　　　　　90 00 00 00 
　　　　　08 00 00 00 
　　　　　8D 00 04 00 91 00 00 00 
　　　　　0D 00 00 00 DB 07 00 00 ： 会話(オズインが敗北した場合)
　　　　　42 00 00 00 05 00 00 00 ：【05】
　　　　　53 00 00 00 0B 00 00 00 07 00 00 00 93 00 00 00 ：【0B】カレルが生きていて93がオンなら飛ぶ
　　　　　92 00 00 00 
　　　　　90 00 00 00 
　　　　　08 00 00 00 
　　　　　8D 00 04 00 91 00 00 00 
　　　　　0D 00 00 00 00 08 00 00 ： 会話(カレルが敗北した場合)
　　　　　42 00 00 00 0B 00 00 00 ：【0B】
　　　　　53 00 00 00 0C 00 00 00 14 00 00 00 94 00 00 00 ：【0C】ニノが生きていて94がオンなら飛ぶ
　　　　　46 00 00 00 0C 00 00 00 B1 FC 07 08 ：【0C】条件を満たしていたら飛ぶ
　┗07FCB1　21 03 48 80 7B 26 28 00 D1 01 21 08 1C 70 47 F4 
　　　　　　BB 02 02 0A 48 00 68 01 79 0A 48 00 68 02 79 48 
　　　　　　1E 00 04 00 0C 01 28 08 D9 2D 29 06 D0 50 1E 00 
　　　　　　04 00 0C 01 28 01 D9 2D 2A 05 D1 01 20 04 E0 EC 
　　　　　　A3 03 02 6C A4 03 02 00 20 70 47 00 ： 不明
　　　　　92 00 00 00 
　　　　　90 00 00 00 
　　　　　08 00 00 00 
　　　　　8D 00 04 00 91 00 00 00 
　　　　　0D 00 00 00 03 08 00 00 ： 会話(ニノが敗北した場合)
　　　　　42 00 00 00 0C 00 00 00 ：【0C】
　　　　　53 00 00 00 0D 00 00 00 32 00 00 00 78 00 00 00 ：【0D】ラスが生きていて78がオンなら飛ぶ
　　　　　92 00 00 00 
　　　　　90 00 00 00 
　　　　　08 00 00 00 
　　　　　8D 00 04 00 91 00 00 00 
　　　　　0D 00 00 00 F2 07 00 00 ： 会話(ラスが敗北した場合)
　　　　　42 00 00 00 0D 00 00 00 ：【0D】
　　　　　53 00 00 00 0E 00 00 00 09 00 00 00 95 00 00 00 ：【0E】バアトルが生きていて95がオンなら飛ぶ
　　　　　92 00 00 00 
　　　　　90 00 00 00 
　　　　　08 00 00 00 
　　　　　8D 00 04 00 91 00 00 00 
　　　　　0D 00 00 00 D8 07 00 00 ： 会話(バアトルが敗北した場合)
　　　　　42 00 00 00 0E 00 00 00 ：【0E】
　　　　　53 00 00 00 0F 00 00 00 37 00 00 00 96 00 00 00 ：【0F】カアラが生きていて96がオンなら飛ぶ
　　　　　92 00 00 00 
　　　　　90 00 00 00 
　　　　　08 00 00 00 
　　　　　8D 00 04 00 91 00 00 00 
　　　　　0D 00 00 00 06 08 00 00 ：　会話(カアラが敗北した場合)
　　　　　42 00 00 00 0F 00 00 00 ：【0F】
　　　　　4B 00 00 00 63 00 00 00 9D 00 00 00 ：【63】9Dがオフの場合飛ぶ
　　　　　78 00 06 00 
　　　　　75 00 9D 00 ： 9Dをオフ
　　　　　42 00 00 00 63 00 00 00 ：【63】
　　　　　0A 00 00 00 00 00 00 00

■この章で使われたフラグ
9D
