※作業の高速化のため表記を省略しています。

１２章　比翼の友

離脱ポイントX: Y:

■ワールドマップシーン

■イベント条件群

−ターン条件−
D69A74　02 00 00 00 14 6D D7 08 01 00 00 00 00 00 00 00 ： 章開始イベント
　　　　02 00 00 00 24 71 D7 08 04 00 00 00 01 00 00 00 ： ヘクトルが出てくる
　　　　02 00 00 00 28 72 D7 08 03 00 80 00 01 00 00 00 ： ボスが突撃
　　　　02 00 00 00 28 72 D7 08 02 00 80 00 02 00 00 00 ： ボスが突撃
　　　　02 00 00 00 24 71 D7 08 04 00 00 00 03 00 00 00 ： ヘクトルが出てくる
　　　　02 00 00 00 28 72 D7 08 03 00 80 00 03 00 00 00 ： ボスが突撃
　　　　02 00 00 00 28 72 D7 08 03 00 80 00 04 00 00 00 ： ボスが突撃
　　　　00 00 00 00 ： ターン条件終わり
−会話条件−
D69AE8　03 00 07 00 50 73 D7 08 01 02 00 00 00 00 00 00 
　　　　03 00 07 00 50 73 D7 08 02 01 00 00 00 00 00 00 
　　　　00 00 00 00 ： 会話条件終わり
−オブジェクト指定−
D69B0C　05 00 00 00 90 73 D7 08 00 0D 0E 00 
　　　　05 00 00 00 C0 73 D7 08 07 04 0E 00 
　　　　05 00 00 00 F0 73 D7 08 07 0F 0E 00 
　　　　06 00 08 00 20 74 D7 08 01 08 0E 00 05 00 08 00 01 00 00 00 01 07 1D 00 
　　　　0A 00 00 00 E6 F1 D6 08 01 0D 14 00 
　　　　0A 00 00 00 EA F1 D6 08 07 0A 13 00 
　　　　00 00 00 00 ： オブジェクト指定終わり
−常時条件＆範囲条件−
D69B64　0E 00 00 00 60 74 D7 08 5D AA 07 08 ： 勝利条件「敵全滅」
　　　　01 00 00 00 1C F7 D6 08 65 00 00 00 
　　　　00 00 00 00 
　　　　00 00 00 00 ： 常時条件＆範囲条件終わり

−アドレス群−
D69B84　74 9A D6 08 ： ターン条件へ
　　　　E8 9A D6 08 ： 会話条件へ
　　　　0C 9B D6 08 ： オブジェクト指定へ
　　　　64 9B D6 08 ： 常時条件＆範囲条件へ
　　　　38 F4 D6 08 ： アーチの配置
　　　　96 F5 D6 08 ： ？
　　　　38 09 D9 08 ： 敵軍初期配置
　　　　38 09 D9 08 ： 敵軍初期配置
　　　　48 09 D9 08 ： 敵軍初期配置(ヘクトル編？)
　　　　38 09 D9 08 ： 敵軍初期配置
　　　　C8 08 D9 08 ： 自軍初期配置(未使用？)
　　　　C8 08 D9 08 ： 自軍初期配置
　　　　38 0B D9 08 ： 自軍初期配置(ヘクトル編)
　　　　C8 08 D9 08 ： 自軍初期配置(未使用？)
　　　　14 6D D7 08 ： 開始イベント
　　　　60 74 D7 08 ： 終了イベント

■イベント内容
D76D14　3B 00 00 00 
　　　　4E 00 00 00 1E 00 00 00 ：【1E】ヘクトル編の場合飛ぶ
　　　　82 00 00 00 34 00 00 00 00 00 00 00 00 00 00 00 
　　　　8D 00 04 00 91 00 00 00 
　　　　DA 00 00 00 E4 05 00 00 
　　　　8C 00 0C 00 
　　　　02 00 64 00 
　　　　DB 00 00 00 
　　　　02 00 20 00 
　　　　64 00 00 00 08 00 05 00 
　　　　8C 00 10 00 90 00 00 00 
　　　　05 00 10 00 
　　　　8D 00 10 00 91 00 00 00 
　　　　0D 00 00 00 36 0A 00 00 09 00 00 00 ： 会話
　　　　02 00 40 00 
　　　　8C 00 04 00 90 00 00 00 
　　　　02 00 20 00 
　　　　82 00 00 00 0E 00 00 00 00 00 00 00 00 00 00 00 
　　　　35 00 00 00 02 00 00 00 C8 08 D9 08 ： 不明
┗D908C8　01 01 00 08 03 0E 03 0E 09 6B 00 00 00 00 00 00 
　　　　　1A 2A 01 08 03 0C 03 0C 01 17 00 00 00 00 00 00 
　　　　　0E 19 01 08 02 0D 02 0D 2C 00 00 00 00 00 00 00 
　　　　　19 28 01 10 04 0D 04 0D 01 14 00 00 00 00 00 00 
　　　　　08 12 01 18 05 0E 05 0E 1F 00 00 00 00 00 00 00 
　　　　　09 12 01 10 04 0F 04 0F 1F 28 00 00 00 00 00 00 
　　　　　00 00 00 00 00 00 00 00 00 00 00 00 00 00 00 00 ： 自軍初期配置
　　　　39 00 00 00 
　　　　2D 00 00 00 01 00 00 00 09 00 0F 00 
　　　　2D 00 00 00 1A 00 00 00 0B 00 0F 00 
　　　　58 00 01 00 2D AE 07 08 ： 不明
　　　　37 00 00 00 CD 00 51 00 0A 00 0F 00 ： 軍師の呼び出し
　　　　39 00 00 00 
　　　　8D 00 04 00 91 00 00 00 ： 画面表示
　　　　7A 00 04 00 
　　　　1D 00 0A 0B 
　　　　24 00 00 00 01 00 00 00 09 00 0B 00 ： エリウッドの移動
　　　　24 00 00 00 1A 00 00 00 0B 00 0B 00 
　　　　58 00 01 00 2D AE 07 08 ： 不明
　　　　25 00 00 00 CD 00 00 00 0A 00 0C 00 18 00 00 00 
　　　　39 00 00 00 
　　　　8C 00 10 00 90 00 00 00 
　　　　05 00 1C 00 
　　　　76 00 33 00 
　　　　8D 00 04 00 91 00 00 00 
　　　　1A 00 00 00 2D AE 07 08 38 0A 00 00 37 0A 00 00 ： 分岐会話
　　　　76 00 32 00 
　　　　11 00 00 00 39 0A 00 00 09 00 00 00 
　　　　32 00 00 00 02 00 00 00 68 0B D9 08 
　　　　1D 00 0A 0A 
　　　　39 00 00 00 
　　　　26 00 00 00 1A 00 00 00 02 6D D7 08 
　　　　24 00 00 00 01 00 00 00 09 00 0C 00 
　　　　26 00 00 00 3F 00 00 00 07 6D D7 08 
　　　　39 00 00 00 
　　　　8C 00 10 00 90 00 00 00 
　　　　05 00 1C 00 
　　　　8D 00 10 00 91 00 00 00 
　　　　0D 00 00 00 3A 0A 00 00 09 00 00 00 ： 会話(へっへっへっ)
　　　　47 00 00 00 05 00 00 00 2D AE 07 08 ：【05】軍師が居ない場合飛ぶ
　　　　26 00 00 00 CD 00 00 00 00 6D D7 08 
　　　　39 00 00 00 
　　　　69 00 00 00 CD 00 00 00 
　　　　42 00 00 00 05 00 00 00 ：【05】
　　　　46 00 00 00 06 00 00 00 F1 A7 07 08 ：【06】マーカスが生存している場合飛ぶ
　　　　26 00 00 00 1A 00 00 00 05 6D D7 08 
　　　　39 00 00 00 
　　　　6D 00 00 00 1A 00 00 00 
　　　　42 00 00 00 06 00 00 00 ：【06】
　　　　02 00 1E 00 
　　　　1D 00 10 00 
　　　　24 00 00 00 3F 00 00 00 06 00 04 00 
　　　　39 00 00 00 
　　　　21 00 00 00 08 00 08 00 08 00 01 00 
　　　　21 00 00 00 0A 00 08 00 07 00 02 00 
　　　　39 00 00 00 
　　　　24 00 00 00 01 00 00 00 03 00 0E 00 
　　　　58 00 01 00 F1 A7 07 08 ： 不明。マーカスの生存に関する何か？
　　　　24 00 00 00 1A 00 00 00 03 00 0C 00 
　　　　39 00 00 00 
　　　　30 00 00 00 A8 0B D9 08 
　　　　39 00 00 00 
　　　　24 00 00 00 3F 00 00 00 0F 00 01 00 
　　　　39 00 00 00 
　　　　32 00 00 00 02 00 01 00 18 0A D9 08 
　　　　47 00 00 00 08 00 00 00 2D AE 07 08 ：【08】軍師がいない場合飛ぶ
　　　　55 00 00 00 08 00 00 00 08 00 00 00 ：【08】不明
　　　　02 00 3C 00 
　　　　7A 00 04 00 
　　　　1E 00 08 00 
　　　　65 00 00 00 08 00 00 00 
　　　　76 00 01 00 
　　　　0D 00 00 00 3B 0A 00 00 09 00 00 00 ： 会話(…出番のようだな、)ドルカス
　　　　42 00 00 00 08 00 00 00 ：【08】
　　　　43 00 00 00 28 00 00 00 ：【28】
　　　　42 00 00 00 1E 00 00 00 ：【1E】ここからヘクトル編
　　　　8C 00 10 00 90 00 00 00 
　　　　05 00 1C 00 
　　　　30 00 00 00 48 09 D9 08 
　　　　8D 00 04 00 91 00 00 00 
　　　　47 00 00 00 14 00 00 00 31 A8 07 08 ：【14】マシューが生存していない場合飛ぶ
┗07A831　B5 23 20 FF F7 BE FF 00 06 00 16 02 BC 08 47 00 ： マシューが生存している
　　　　0D 00 00 00 40 0A 00 00 
　　　　76 00 32 00 
　　　　14 00 00 00 
　　　　43 00 00 00 15 00 00 00 ：【15】
　　　　42 00 00 00 14 00 00 00 ：【14】
　　　　0D 00 00 00 41 0A 00 00 
　　　　76 00 32 00 
　　　　14 00 00 00 
　　　　42 00 00 00 15 00 00 00 ：【15】
　　　　09 00 00 00 
　　　　1D 00 00 00 
　　　　02 00 20 00 
　　　　30 00 00 00 C8 0A D9 08 
　　　　30 00 00 00 78 0C D9 08 
　　　　39 00 00 00 
　　　　02 00 10 00 
　　　　8C 00 10 00 90 00 00 00 
　　　　05 00 1C 00 
　　　　30 00 00 00 C8 08 D9 08 
　　　　8D 00 10 00 91 00 00 00 
　　　　0D 00 00 00 42 0A 00 00 
　　　　7D 00 D2 00 
　　　　14 00 00 00 
　　　　69 00 00 00 CD 00 00 00 
　　　　09 00 00 00 
　　　　39 00 00 00 
　　　　58 00 01 00 31 A8 07 08 ： 不明。マシューの生存に関わる何か
　　　　30 00 00 00 E8 0A D9 08 
　　　　30 00 00 00 08 0B D9 08 
　　　　39 00 00 00 
　　　　02 00 10 00 
　　　　8C 00 10 00 90 00 00 00 
　　　　05 00 1C 00 
　　　　8D 00 10 00 91 00 00 00 
　　　　1A 00 00 00 31 A8 07 08 43 0A 00 00 44 0A 00 00 ： 分岐会話
　　　　09 00 00 00 
　　　　78 00 06 00 
　　　　24 00 00 00 02 00 00 00 04 00 02 00 
　　　　39 00 00 00 
　　　　24 00 00 00 0B 00 00 00 03 00 02 00 
　　　　39 00 00 00 
　　　　32 00 00 00 03 00 01 00 78 0A D9 08 ： 限定増援
　　　　42 00 00 00 28 00 00 00 ：【28】
　　　　0A 00 00 00 00 00 00 00

D77124　1E 00 01 00 
　　　　65 00 00 00 01 00 00 00 
　　　　0D 00 00 00 3D 0A 00 00 09 00 00 00 ： 会話(…いったい何人いるんだ！？)
　　　　1D 00 00 00 
　　　　02 00 20 00 
　　　　30 00 00 00 C8 0A D9 08 
　　　　30 00 00 00 78 0C D9 08 
　　　　39 00 00 00 
　　　　7A 00 04 00 
　　　　02 00 10 00 
　　　　8C 00 10 00 90 00 00 00 
　　　　05 00 1C 00 
　　　　8D 00 10 00 91 00 00 00 
　　　　77 00 42 00 
　　　　0D 00 00 00 3E 0A 00 00 ： 会話(おいっ、あそこでハデに)
　　　　7D 00 D2 00 ： SE
　　　　14 00 00 00 
　　　　69 00 00 00 CD 00 00 00 
　　　　09 00 00 00 
　　　　39 00 00 00 
　　　　30 00 00 00 E8 0A D9 08 
　　　　30 00 00 00 08 0B D9 08 
　　　　39 00 00 00 
　　　　02 00 10 00 
　　　　8C 00 10 00 90 00 00 00 
　　　　05 00 1C 00 
　　　　8D 00 10 00 91 00 00 00 
　　　　0D 00 00 00 3F 0A 00 00 09 00 00 00 
　　　　78 00 06 00 
　　　　24 00 00 00 02 00 00 00 04 00 02 00 
　　　　39 00 00 00 
　　　　24 00 00 00 0B 00 00 00 03 00 02 00 
　　　　39 00 00 00 
　　　　24 00 00 00 23 00 00 00 01 00 FF FF 
　　　　24 00 00 00 11 00 00 00 02 00 FF FF 
　　　　39 00 00 00 
　　　　6D 00 00 00 
　　　　23 00 00 00 6D 00 00 00 11 00 00 00 
　　　　0A 00 00 00 00 00 00 00

D77228　4E 00 00 00 01 00 00 00 ：【01】ヘクトル編の場合飛ぶ
　　　　76 00 0C 00 
　　　　1E 00 3F 00 
　　　　65 00 00 00 3F 00 00 00 
　　　　0D 00 00 00 3C 0A 00 00 09 00 00 00 ： 会話(ちっ、貴族のぼっちゃんにしては)
　　　　73 00 00 00 0F 00 01 00 00 0E 00 00 
　　　　73 00 00 00 10 00 03 00 00 0E 00 00 
　　　　73 00 00 00 10 00 05 00 00 0E 00 00 
　　　　73 00 00 00 0E 00 00 00 00 0E 00 00 
　　　　73 00 00 00 0F 00 05 00 00 00 00 00 
　　　　73 00 00 00 0F 00 09 00 00 00 00 00 
　　　　73 00 00 00 0E 00 04 00 00 00 00 00 
　　　　73 00 00 00 0E 00 06 00 00 00 00 00 
　　　　73 00 00 00 0E 00 02 00 00 0E 00 00 
　　　　73 00 00 00 0F 00 03 00 00 0E 00 00 
　　　　73 00 00 00 0C 00 04 00 00 0E 00 00 
　　　　73 00 00 00 0E 00 0E 00 00 00 00 00 
　　　　73 00 00 00 0F 00 0F 00 00 00 00 00 
　　　　43 00 00 00 02 00 00 00 ：【02】
　　　　42 00 00 00 01 00 00 00 ：【01】
　　　　73 00 00 00 0B 00 05 00 00 00 00 00 
　　　　73 00 00 00 10 00 00 00 00 00 00 00 
　　　　73 00 00 00 0E 00 02 00 00 0F 00 00 
　　　　73 00 00 00 0F 00 03 00 00 0F 00 00 
　　　　73 00 00 00 0F 00 09 00 00 0F 00 00 
　　　　73 00 00 00 09 00 00 00 00 0F 00 00 
　　　　42 00 00 00 02 00 00 00 ：【02】
　　　　0A 00 00 00 00 00 00 00

D77350　4E 00 00 00 01 00 00 00 ：【01】ヘクトル編の場合飛ぶ
　　　　77 00 3D 00 
　　　　43 00 00 00 02 00 00 00 ：【02】
　　　　42 00 00 00 01 00 00 00 ：【01】
　　　　77 00 3E 00 
　　　　42 00 00 00 02 00 00 00 ：【02】
　　　　0D 00 00 00 45 0A 00 00 09 00 00 00 ： 会話(無事か？エリウッド！！)
　　　　78 00 06 00 
　　　　0A 00 00 00 00 00 00 00


D77460　3C 00 00 00 95 DA 07 08 
┗07DA95　B5 08 20 FC F7 16 FB 07 20 FC F7 13 FB 01 BC 00 
　　　　　47 00 00 00 ： 不明
　　　　76 00 3E 00 
　　　　02 00 3C 00 
　　　　8C 00 04 00 90 00 00 00 
　　　　3C 00 00 00 DD B2 07 08 ： 不明
　　　　05 00 1C 00 
　　　　8D 00 04 00 91 00 00 00 
　　　　0D 00 00 00 4C 0A 00 00 
　　　　7A 00 02 00 
　　　　02 00 1E 00 
　　　　79 00 38 00 02 00 00 00 
　　　　11 00 00 00 4D 0A 00 00 
　　　　4E 00 00 00 0A 00 00 00 ：【0A】ヘクトル編の場合飛ぶ
　　　　11 00 00 00 4E 0A 00 00 
　　　　43 00 00 00 0F 00 00 00 ：【0F】
　　　　42 00 00 00 0A 00 00 00 ：【0A】
　　　　47 00 00 00 0C 00 00 00 31 A8 07 08 ：【0C】マシューが生存していない場合飛ぶ
┗07A831　B5 23 20 FF F7 BE FF 00 06 00 16 02 BC 08 47 00 ： 
　　　　47 00 00 00 0D 00 00 00 81 A8 07 08 ：【0D】セーラが生存していない場合飛ぶ
　　　　11 00 00 00 4E 0A 00 00 
　　　　43 00 00 00 0F 00 00 00 ：【0F】
　　　　42 00 00 00 0C 00 00 00 ：【0C】
　　　　47 00 00 00 0E 00 00 00 81 A8 07 08 ：【0E】セーラが生存していない場合飛ぶ
　　　　11 00 00 00 4F 0A 00 00 
　　　　43 00 00 00 0F 00 00 00 ：【0F】
　　　　42 00 00 00 0D 00 00 00 ：【0D】
　　　　11 00 00 00 50 0A 00 00 
　　　　43 00 00 00 0F 00 00 00 ：【0F】
　　　　42 00 00 00 0E 00 00 00 ：【0E】
　　　　11 00 00 00 51 0A 00 00 
　　　　42 00 00 00 0F 00 00 00 ：【0F】
　　　　58 00 01 00 31 A8 07 08 ： 不明。マシューの生存に関する何か？
　　　　71 00 00 00 23 00 00 00 00 00 01 00 
　　　　71 00 00 00 11 00 00 00 00 00 01 00 
　　　　11 00 00 00 52 0A 00 00 
　　　　47 00 00 00 05 00 00 00 2D AE 07 08 ：【05】軍師が居ない場合飛ぶ
　　　　8C 00 04 00 90 00 00 00 
　　　　05 00 1C 00 
　　　　02 00 20 00 
　　　　8D 00 04 00 91 00 00 00 
　　　　0D 00 00 00 53 0A 00 00 
　　　　1C 00 00 00 
　　　　02 00 40 00 
　　　　11 00 00 00 54 0A 00 00 
　　　　11 00 00 00 55 0A 00 00 
　　　　47 00 00 00 05 00 00 00 31 A8 07 08 ：【05】マシューが生存していない場合飛ぶ
　　　　47 00 00 00 05 00 00 00 81 A8 07 08 ：【05】セーラが生存していない場合飛ぶ
　　　　8C 00 10 00 90 00 00 00 
　　　　05 00 1C 00 
　　　　8D 00 10 00 91 00 00 00 
　　　　0D 00 00 00 56 0A 00 00 
　　　　42 00 00 00 05 00 00 00 ：【05】
　　　　CC 00 00 00 C8 91 D8 08 ： 負傷イベント
　　　　98 00 00 00 ： 不明
　　　　8C 00 04 00 90 00 00 00 
　　　　05 00 5B 00 
　　　　7F 00 0F 00 
　　　　02 00 01 00 01 00 00 00 
　　　　0A 00 00 00 00 00 00 00

■この章で使われたフラグ
