※作業の高速化のため表記を省略しています。

１３章外伝　行商人マリナス

離脱ポイントX: Y:

■ワールドマップシーン

■イベント条件群

−ターン条件−
D69D98　02 00 00 00 44 7D D7 08 01 00 00 00 00 00 00 00 
　　　　02 00 00 00 54 7E D7 08 08 00 00 00 00 00 00 00 
　　　　02 00 00 00 04 18 D9 08 02 00 00 00 01 00 00 00 
　　　　02 00 00 00 04 18 D9 08 05 00 00 00 01 00 00 00 
　　　　02 00 00 00 F0 17 D9 08 03 00 00 00 01 00 00 00 
　　　　02 00 00 00 04 18 D9 08 01 02 00 00 02 00 00 00 
　　　　02 00 00 00 04 18 D9 08 05 00 00 00 02 00 00 00 
　　　　02 00 00 00 F0 17 D9 08 03 00 00 00 02 00 00 00 
　　　　02 00 00 00 F0 17 D9 08 04 00 80 00 02 00 00 00 
　　　　02 00 00 00 04 18 D9 08 02 00 00 00 05 00 00 00 
　　　　02 00 00 00 04 18 D9 08 05 00 00 00 05 00 00 00 
　　　　02 00 00 00 F0 17 D9 08 03 00 00 00 05 00 00 00 
　　　　02 00 00 00 18 18 D9 08 04 00 00 00 05 00 00 00 
　　　　02 00 00 00 04 18 D9 08 01 00 80 00 04 00 00 00 
　　　　02 00 00 00 04 18 D9 08 06 00 80 00 04 00 00 00 
　　　　02 00 00 00 F0 17 D9 08 04 00 80 00 04 00 00 00 
　　　　00 00 00 00 ： ターン条件終わり
−会話条件−
D69E9C　00 00 00 00 ： 会話条件終わり
−オブジェクト指定−
D69EA0　06 00 08 00 14 7E D7 08 0E 03 0E 00 
　　　　05 00 08 00 01 00 00 00 0E 02 1D 00 
　　　　00 00 00 00 ： オブジェクト指定終わり
　　　　

−常時条件＆範囲条件−
D69EBC　01 00 00 00 1C F7 D6 08 65 00 00 00 
　　　　00 00 00 00 ： 常時条件＆範囲条件終わり

−アドレス群−
D69ECC　98 9D D6 08 ： ターン条件へ
　　　　9C 9E D6 08 ： 会話条件へ
　　　　A0 9E D6 08 ： オブジェクト指定へ
　　　　BC 9E D6 08 ： 常時条件＆範囲条件へ
　　　　3A F4 D6 08 ： アーチの配置
　　　　98 F5 D6 08 ： ？
　　　　14 14 D9 08 ： 敵軍初期配置
　　　　14 14 D9 08 ： 敵軍初期配置
　　　　F4 14 D9 08 ： 敵軍初期配置(ヘクトル編？)
　　　　14 14 D9 08 ： 敵軍初期配置
　　　　54 13 D9 08 ： 自軍初期配置(未使用？)
　　　　54 13 D9 08 ： 自軍初期配置
　　　　54 13 D9 08 ： 自軍初期配置(ヘクトル編)
　　　　54 13 D9 08 ： 自軍初期配置(未使用？)
　　　　44 7D D7 08 ： 開始イベント
　　　　54 7E D7 08 ： 終了イベント
               
■イベント内容


■この章で使われたフラグ
