※作業の高速化のため表記を省略しています。

１４章　うごめく者たち

離脱ポイントX: Y:

■ワールドマップシーン

■イベント条件群

−ターン条件−
D69F0C　02 00 00 00 D8 81 D7 08 01 00 00 00 00 00 00 00 
　　　　02 00 00 00 F8 82 D7 08 02 00 00 00 00 00 00 00 
　　　　02 00 00 00 5C 83 D7 08 04 00 80 00 00 00 00 00 
　　　　02 00 00 00 E8 83 D7 08 04 00 00 00 00 00 00 00 
　　　　02 00 00 00 30 84 D7 08 05 00 00 00 00 00 00 00 
　　　　02 00 00 00 0C 84 D7 08 07 00 00 00 00 00 00 00 
　　　　02 00 00 00 40 84 D7 08 08 00 00 00 00 00 00 00 
　　　　02 00 00 00 90 22 D9 08 03 04 00 00 01 00 00 00 
　　　　02 00 00 00 D0 83 D7 08 03 00 00 00 01 00 00 00 
　　　　02 00 00 00 A4 22 D9 08 07 00 00 00 01 00 00 00 
　　　　02 00 00 00 CC 22 D9 08 04 05 00 00 01 00 00 00 
　　　　02 00 00 00 4C 84 D7 08 05 00 80 00 01 00 00 00 
　　　　02 00 00 00 90 22 D9 08 01 02 80 00 02 00 00 00 
　　　　02 00 00 00 D0 83 D7 08 01 00 80 00 02 00 00 00 
　　　　02 00 00 00 B8 22 D9 08 04 00 80 00 02 00 00 00 
　　　　02 00 00 00 CC 22 D9 08 01 02 80 00 02 00 00 00 
　　　　02 00 00 00 4C 84 D7 08 04 00 80 00 02 00 00 00 
　　　　02 00 00 00 B4 84 D7 08 05 00 80 00 02 00 00 00 
　　　　02 00 00 00 90 22 D9 08 03 05 00 00 03 00 00 00 
　　　　02 00 00 00 D0 83 D7 08 03 00 00 00 03 00 00 00 
　　　　02 00 00 00 A4 22 D9 08 06 07 00 00 03 00 00 00 
　　　　02 00 00 00 CC 22 D9 08 03 05 00 00 03 00 00 00 
　　　　02 00 00 00 4C 84 D7 08 05 00 80 00 03 00 00 00 
　　　　02 00 00 00 90 22 D9 08 01 02 00 00 04 00 00 00 
　　　　02 00 00 00 90 22 D9 08 05 00 00 00 04 00 00 00 
　　　　02 00 00 00 D0 83 D7 08 01 00 80 00 04 00 00 00 
　　　　02 00 00 00 B8 22 D9 08 04 00 80 00 04 00 00 00 
　　　　02 00 00 00 B8 22 D9 08 06 00 00 00 04 00 00 00 
　　　　02 00 00 00 CC 22 D9 08 01 03 80 00 04 00 00 00 
　　　　02 00 00 00 4C 84 D7 08 04 00 80 00 04 00 00 00 
　　　　02 00 00 00 B4 84 D7 08 05 00 80 00 04 00 00 00 
　　　　00 00 00 00 ： ターン条件終わり
−会話条件−
D6A100　03 00 07 00 EC 84 D7 08 11 13 00 00 00 00 00 00 
　　　　03 00 08 00 10 85 D7 08 1B 13 00 00 00 00 00 00 
　　　　03 00 08 00 74 85 D7 08 13 1B 00 00 00 00 00 00 
　　　　00 00 00 00 ： 会話条件終わり
−オブジェクト指定−
D6A134　06 00 09 00 30 86 D7 08 06 0E 0E 00 05 00 09 00 01 00 00 00 06 0D 1D 00 
　　　　06 00 0A 00 C4 86 D7 08 09 02 0E 00 05 00 0A 00 01 00 00 00 09 01 1D 00 
　　　　05 00 00 00 90 85 D7 08 07 03 0E 00 
　　　　05 00 00 00 C0 85 D7 08 16 01 0E 00 
　　　　05 00 00 00 F0 85 D7 08 17 01 0E 00 
　　　　0A 00 00 00 04 F2 D6 08 09 0C 13 00 
　　　　0A 00 00 00 0E F2 D6 08 0B 0D 14 00 
　　　　00 00 00 00 ： オブジェクト指定終わり
−常時条件＆範囲条件−
D6A1A4　0E 00 00 00 04 87 D7 08 5D AA 07 08 
　　　　01 00 00 00 1C F7 D6 08 65 00 00 00 
　　　　00 00 00 00 ： 常時条件＆範囲条件終わり

−アドレス群−
D6A1C0　0C 9F D6 08 ： ターン条件へ
　　　　00 A1 D6 08 ： 会話条件へ
　　　　34 A1 D6 08 ： オブジェクト指定へ
　　　　A4 A1 D6 08 ： 常時条件＆範囲条件へ
　　　　3B F4 D6 08 ： アーチの配置
　　　　99 F5 D6 08 ： ？
　　　　14 19 D9 08 ： 敵軍初期配置
　　　　A4 1B D9 08 ： 敵軍初期配置
　　　　74 1A D9 08 ： 敵軍初期配置(ヘクトル編？)
　　　　14 1D D9 08 ： 敵軍初期配置
　　　　54 18 D9 08 ： 自軍初期配置(未使用？)
　　　　54 18 D9 08 ： 自軍初期配置
　　　　54 18 D9 08 ： 自軍初期配置(ヘクトル編)
　　　　54 18 D9 08 ： 自軍初期配置(未使用？)
　　　　F4 7E D7 08 ： 開始イベント
　　　　04 87 D7 08 ： 終了イベント
               
■イベント内容
D77EF4　3B 00 00 00 
　　　　64 00 00 00 01 00 06 00 
　　　　8C 00 10 00 90 00 00 00 
　　　　05 00 10 00 
　　　　8D 00 10 00 91 00 00 00 
　　　　30 00 00 00 F4 1F D9 08 
　　　　39 00 00 00 
　　　　2D 00 00 00 02 00 00 00 10 00 06 00 
　　　　47 00 00 00 01 00 00 00 2D AE 07 08 ：【01】軍師がいない場合飛ぶ
　　　　37 00 00 00 CD 00 51 00 0E 00 05 00 
　　　　42 00 00 00 01 00 00 00 ：【01】
　　　　0D 00 00 00 82 0A 00 00 09 00 00 00 
　　　　7A 00 06 00 
　　　　1E 00 01 00 
　　　　02 00 08 00 
　　　　65 00 00 00 02 00 00 00 
　　　　8C 00 10 00 90 00 00 00 
　　　　05 00 1C 00 
　　　　76 00 56 00 
　　　　8D 00 10 00 91 00 00 00 
　　　　0D 00 00 00 83 0A 00 00 09 00 00 00 
　　　　7A 00 06 00 
　　　　3A 00 00 00 
　　　　30 00 00 00 84 20 D9 08 
　　　　39 00 00 00 
　　　　02 00 40 00 
　　　　3B 00 00 00 
　　　　76 00 33 00 
　　　　8C 00 10 00 90 00 00 00 
　　　　05 00 1C 00 
　　　　8D 00 10 00 91 00 00 00 
　　　　0D 00 00 00 84 0A 00 00 09 00 00 00 
　　　　4E 00 00 00 14 00 00 00 ：【14】ヘクトル編の場合飛ぶ
　　　　27 00 00 00 02 00 00 00 0B 00 00 00 ： 移動指定
　　　　24 00 00 00 45 00 00 00 0C 00 06 00 
　　　　39 00 00 00 
　　　　8C 00 04 00 90 00 00 00 
　　　　6D 00 00 00 0B 00 00 00 
　　　　05 00 1C 00 
　　　　8D 00 04 00 91 00 00 00 
　　　　0D 00 00 00 85 0A 00 00 
　　　　7A 00 01 00 
　　　　11 00 00 00 86 0A 00 00 
　　　　43 00 00 00 15 00 00 00 ：【15】
　　　　42 00 00 00 14 00 00 00 ：【14】
　　　　1D 00 12 00 
　　　　26 00 00 00 02 00 00 00 DC 7E D7 08 
　　　　26 00 00 00 45 00 00 00 E4 7E D7 08 
　　　　39 00 00 00 
　　　　8C 00 04 00 90 00 00 00 
　　　　05 00 1D 00 
　　　　8D 00 04 00 91 00 00 00 
　　　　0D 00 00 00 87 0A 00 00 09 00 00 00 
　　　　25 00 00 00 02 00 00 00 0C 00 01 00 50 00 00 00 
　　　　25 00 00 00 0B 00 00 00 17 00 01 00 50 00 00 00 
　　　　02 00 08 00 
　　　　8C 00 04 00 90 00 00 00 
　　　　39 00 00 00 
　　　　6D 00 00 00 02 00 00 00 
　　　　6D 00 00 00 0B 00 00 00 
　　　　8D 00 04 00 91 00 00 00 
　　　　1E 00 01 00 
　　　　02 00 00 00 
　　　　65 00 00 00 01 00 00 00 
　　　　8C 00 10 00 90 00 00 00 
　　　　6D 00 00 00 0B 00 00 00 
　　　　05 00 1C 00 
　　　　8D 00 10 00 91 00 00 00 
　　　　0D 00 00 00 88 0A 00 00 ： 会話(…エリック。)
　　　　7A 00 01 00 
　　　　14 00 00 00 
　　　　42 00 00 00 15 00 00 00 ：【15】
　　　　76 00 53 00 
　　　　2D 00 00 00 02 00 00 00 0F 00 05 00 
　　　　11 00 00 00 89 0A 00 00 09 00 00 00 ： 会話(クックック)
　　　　24 00 00 00 45 00 00 00 03 00 07 00 
　　　　1D 00 01 06 
　　　　39 00 00 00 
　　　　30 00 00 00 A4 20 D9 08 
　　　　1D 00 0F 08 
　　　　30 00 00 00 14 21 D9 08 
　　　　3A 00 00 00 
　　　　30 00 00 00 94 21 D9 08 
　　　　39 00 00 00 
　　　　4F 00 01 00 63 00 00 00 ：【63】ハードの場合飛ぶ
　　　　02 00 20 00 
　　　　30 00 00 00 64 20 D9 08 
　　　　39 00 00 00 
　　　　25 00 00 00 DA 00 00 00 10 00 05 00 0C 00 00 00 
　　　　39 00 00 00 
　　　　7A 00 04 00 
　　　　1D 00 16 01 
　　　　65 00 00 00 DA 00 00 00 
　　　　8C 00 04 00 90 00 00 00 
　　　　02 00 20 00 
　　　　84 00 00 00 ： 不明
　　　　05 00 1C 00 
　　　　76 00 32 00 
　　　　8D 00 04 00 91 00 00 00 
　　　　0D 00 00 00 8A 0A 00 00 ： 会話(ひっひっひっ)
　　　　8C 00 10 00 90 00 00 00 
　　　　02 00 20 00 
　　　　87 00 00 00 
　　　　42 00 00 00 63 00 00 00 ：【63】
　　　　0B 00 00 00 00 00 00 00

D781D8　36 00 00 00 54 18 D9 08 ： 不明。自軍初期配置
　　　　54 18 D9 08 
　　　　54 18 D9 08 
　　　　54 18 D9 08 
　　　　0C 00 00 00 
　　　　02 00 3C 00 
　　　　47 00 00 00 07 00 00 00 2D AE 07 08 ：【07】軍師がいない場合飛ぶ
　　　　4E 00 00 00 05 00 00 00 ：【05】ヘクトル編の場合飛ぶ
　　　　55 00 00 00 07 00 00 00 1A 00 00 00 ：【07】マーカスがマップにいない場合飛ぶ
　　　　7A 00 04 00 
　　　　1E 00 1A 00 
　　　　65 00 00 00 1A 00 00 00 
　　　　76 00 01 00 
　　　　0D 00 00 00 8B 0A 00 00 
　　　　43 00 00 00 06 00 00 00 ：【06】
　　　　42 00 00 00 05 00 00 00 ：【05】
　　　　55 00 00 00 07 00 00 00 11 00 00 00 ：【07】セーラがマップにいない場合飛ぶ
　　　　7A 00 04 00 
　　　　1E 00 11 00 
　　　　65 00 00 00 11 00 00 00 
　　　　76 00 03 00 
　　　　0D 00 00 00 8C 0A 00 00 
　　　　42 00 00 00 06 00 00 00 ：【06】　
　　　　09 00 00 00 
　　　　02 00 3C 00 
　　　　42 00 00 00 07 00 00 00 ：【07】　
　　　　4E 00 00 00 0A 00 00 00 ：【0A】
　　　　76 00 01 00 
　　　　43 00 00 00 0B 00 00 00 ：【0B】
　　　　42 00 00 00 0A 00 00 00 ：【0A】
　　　　76 00 03 00 
　　　　42 00 00 00 0B 00 00 00 ：【0B】　
　　　　20 00 09 02 ： 画面を動かす
　　　　64 00 00 00 09 00 02 00 
　　　　7B 00 00 00 
　　　　8C 00 10 00 90 00 00 00 
　　　　05 00 02 00 
　　　　8D 00 10 00 91 00 00 00 
　　　　0D 00 00 00 8D 0A 00 00 09 00 00 00 
　　　　7C 00 00 00 
　　　　02 00 10 00 
　　　　30 00 00 00 44 20 D9 08 
　　　　39 00 00 00 
　　　　1E 00 01 00 
　　　　0A 00 00 00 00 00 00 00

D782F8　4E 00 00 00 00 00 00 00 ：【00】ヘクトル編の場合飛ぶ
　　　　76 00 01 00 
　　　　43 00 00 00 01 00 00 00 ：【01】
　　　　42 00 00 00 00 00 00 00 ：【00】
　　　　76 00 03 00 
　　　　42 00 00 00 01 00 00 00 ：【01】
　　　　1D 00 06 0E 
　　　　64 00 00 00 06 00 0E 00 
　　　　7B 00 00 00 
　　　　8C 00 10 00 90 00 00 00 
　　　　05 00 02 00 
　　　　8D 00 10 00 91 00 00 00 
　　　　0D 00 00 00 8E 0A 00 00 09 00 00 00 
　　　　7C 00 00 00 
　　　　0A 00 00 00 00 00 00 00

D7835C　47 00 00 00 09 00 00 00 21 AB 07 08 ：【09】軍師がいない場合飛ぶ　
　　　　76 00 0D 00 
　　　　1E 00 45 00 
　　　　02 00 10 00 
　　　　0D 00 00 00 8F 0A 00 00 09 00 00 00 
　　　　1D 00 01 06 
　　　　64 00 00 00 01 00 06 00 
　　　　8C 00 10 00 90 00 00 00 
　　　　05 00 10 00 
　　　　8D 00 10 00 91 00 00 00 
　　　　0D 00 00 00 90 0A 00 00 09 00 00 00 
　　　　1E 00 45 00 
　　　　02 00 10 00 
　　　　0D 00 00 00 91 0A 00 00 09 00 00 00 
　　　　42 00 00 00 09 00 00 00 ：【09】　
　　　　0A 00 00 00 00 00 00 00

D783D0　76 00 0D 00 
　　　　0D 00 00 00 92 0A 00 00 09 00 00 00 
　　　　0A 00 00 00 00 00 00 00

D783E8　4F 00 01 00 09 00 00 00 ：【09】ハードの場合飛ぶ
　　　　0D 00 00 00 93 0A 00 00 09 00 00 00 
　　　　42 00 00 00 09 00 00 00 ：【09】
　　　　0A 00 00 00 00 00 00 00

D7840C　4F 00 01 00 09 00 00 00 ：【09】　
　　　　0D 00 00 00 94 0A 00 00 09 00 00 00 
　　　　42 00 00 00 09 00 00 00 ：【09】
　　　　0A 00 00 00 00 00 00 00

D78430　7D 00 A2 03 
　　　　99 00 04 00 
　　　　0A 00 00 00 00 00 00 00


D784EC　76 00 41 00 
　　　　0D 00 00 00 95 0A 00 00 09 00 00 00 
　　　　63 00 00 00 13 00 00 00 00 00 00 00 
　　　　0A 00 00 00 00 00 00 00 

D78510　4A 00 00 00 01 00 00 00 07 00 00 00 ：【01】フラグ07がオンなら飛ぶ　
　　　　77 00 42 00 
　　　　0D 00 00 00 96 0A 00 00 09 00 00 00 
　　　　74 00 07 00 
　　　　63 00 00 00 13 00 00 00 00 00 00 00 
　　　　78 00 06 00 
　　　　43 00 00 00 09 00 00 00 ：【09】
　　　　42 00 00 00 01 00 00 00 ：【01】
　　　　7B 00 00 00 
　　　　0D 00 00 00 97 0A 00 00 09 00 00 00 
　　　　7C 00 00 00 
　　　　42 00 00 00 09 00 00 00 ：【09】
　　　　0A 00 00 00 00 00 00 00


D78630　77 00 42 00 
　　　　4C 00 01 00 01 00 00 00 13 00 00 00 ：【01】エルクで訪問した場合飛ぶ
　　　　8C 00 10 00 90 00 00 00 
　　　　05 00 02 00 
　　　　8D 00 10 00 91 00 00 00 
　　　　0D 00 00 00 99 0A 00 00 09 00 00 00 
　　　　43 00 00 00 09 00 00 00 ：【09】
　　　　42 00 00 00 01 00 00 00 ：【01】
　　　　8C 00 10 00 90 00 00 00 
　　　　05 00 02 00 
　　　　8D 00 10 00 91 00 00 00 
　　　　0D 00 00 00 98 0A 00 00 09 00 00 00 
　　　　74 00 08 00 
　　　　42 00 00 00 09 00 00 00 ：【09】
　　　　78 00 06 00 
　　　　32 00 00 00 02 00 00 00 14 1F D9 08 ：　エリ編プリシラ
　　　　32 00 00 00 03 00 00 00 34 1F D9 08 ：　ヘク編プリシラ。何が違うの？
　　　　39 00 00 00 
　　　　0A 00 00 00 00 00 00 00


D78704　A1 00 00 00 
　　　　7A 00 02 00 
　　　　3C 00 00 00 D5 DA 07 08 
┗07DAD5　B5 09 20 FC F7 F6 FA 0A 20 FC F7 F3 FA 07 20 FC 
　　　　　F7 F0 FA 08 20 FC F7 ED FA 01 BC 00 47 00 00 00 ： 不明
　　　　3C 00 00 00 D1 A5 07 08 
┗07A5D1　B5 00 F0 25 F8 01 24 20 1C 9E F7 8B FD 02 1C 00 
　　　　　2A 17 D0 13 68 00 2B 14 D0 D1 68 04 20 08 40 00 
　　　　　28 0F D1 06 48 01 40 00 29 0B D1 1B 79 28 2B 08 
　　　　　D1 10 1C B0 F7 1E FC 90 20 FF F7 53 FD 04 E0 0C 
　　　　　00 01 00 01 34 3F 2C DE DD 10 BC 01 BC 00 47 10 ： 不明
　　　　7A 00 04 00 
　　　　02 00 40 00 
　　　　47 00 00 00 05 00 00 00 91 A8 07 08 ：【05】エルクが生存していない場合飛ぶ
　　　　46 00 00 00 05 00 00 00 E1 A9 07 08 ：【05】プリシラが生存している場合飛ぶ
　　　　47 00 00 00 05 00 00 00 F5 DA 07 08 ：【05】
┗07DAF5　B5 08 20 FC F7 E6 FA 00 06 00 28 01 D0 00 20 08 
　　　　　E0 05 48 00 68 80 6B 25 21 80 79 41 40 48 42 08 
　　　　　43 C0 0F 02 BC 08 47 DC E3 02 02 00 ： 不明。多分プリシラの居る村が無事かどうかの判定？
　　　　76 00 42 00 
　　　　8C 00 04 00 90 00 00 00 
　　　　3C 00 00 00 DD B2 07 08 ： 不明
　　　　32 00 00 00 02 00 00 00 14 1F D9 08 ： プリシラの呼び出し
　　　　32 00 00 00 03 00 00 00 34 1F D9 08 ： プリシラの呼び出し
　　　　05 00 02 00 
　　　　8D 00 04 00 91 00 00 00 
　　　　0D 00 00 00 A2 0A 00 00 ： 会話(プリシラ様っ！)
　　　　39 00 00 00 
　　　　42 00 00 00 05 00 00 00 ：【05】
　　　　76 00 39 00 
　　　　8C 00 04 00 90 00 00 00 
　　　　3C 00 00 00 DD B2 07 08 ： 不明
　　　　05 00 10 00 
　　　　8D 00 04 00 91 00 00 00 
　　　　0D 00 00 00 A3 0A 00 00 
　　　　4D 00 00 00 08 00 00 00 ：【08】エリウッド編の場合飛ぶ
　　　　8C 00 04 00 90 00 00 00 
　　　　02 00 00 00 
　　　　05 00 15 00 
　　　　8D 00 04 00 91 00 00 00 
　　　　0D 00 00 00 A4 0A 00 00 ： 会話(ヘクトル様。)
　　　　42 00 00 00 08 00 00 00 ：【08】
　　　　8C 00 04 00 90 00 00 00 
　　　　02 00 40 00 
　　　　05 00 1C 00 
　　　　8D 00 04 00 91 00 00 00 
　　　　0D 00 00 00 A5 0A 00 00 
　　　　CC 00 00 00 C8 91 D8 08 ： 負傷イベント
　　　　98 00 00 00 ： 不明
　　　　8C 00 04 00 90 00 00 00 
　　　　05 00 5B 00 
　　　　4E 00 00 00 0A 00 00 00 ：【04】ヘクトル編の場合飛ぶ
　　　　7F 00 13 00 ： セーブ
　　　　02 00 01 00 01 00 00 00 
　　　　43 00 00 00 0C 00 00 00 ：【0C】
　　　　42 00 00 00 0A 00 00 00 ：【0A】
　　　　7F 00 12 00 
　　　　02 00 01 00 01 00 00 00 
　　　　42 00 00 00 0C 00 00 00 ：【0C】
　　　　0A 00 00 00 00 00 00 00

■この章で使われたフラグ
