※作業の高速化のため表記を省略しています。

１７章　謎の行方

離脱ポイントX:0A Y:1B

■ワールドマップシーン

■イベント条件群

−ターン条件−
D6A644　02 00 00 00 D8 96 D7 08 01 00 00 00 00 00 00 00 
　　　　02 00 00 00 84 97 D7 08 01 00 80 00 00 00 00 00 
　　　　02 00 12 00 8C 99 D7 08 07 00 00 00 00 00 00 00 
　　　　02 00 00 00 8C 40 D9 08 09 0C 00 00 01 00 00 00 
　　　　02 00 00 00 8C 40 D9 08 09 0C 00 00 02 00 00 00 
　　　　02 00 00 00 DC 40 D9 08 08 0A 00 00 01 00 00 00 
　　　　02 00 00 00 A0 40 D9 08 06 00 00 00 02 00 00 00 
　　　　02 00 00 00 04 41 D9 08 08 0A 00 00 02 00 00 00 
　　　　02 00 00 00 DC 9B D7 08 03 00 00 00 02 00 00 00 
　　　　02 00 00 00 78 40 D9 08 08 0C 00 00 05 00 00 00 
　　　　02 00 00 00 F0 40 D9 08 07 0B 00 00 03 00 00 00 
　　　　02 00 00 00 B4 40 D9 08 04 00 00 00 04 00 00 00 
　　　　02 00 00 00 C8 40 D9 08 05 00 00 00 04 00 00 00 
　　　　02 00 00 00 04 41 D9 08 07 0A 00 00 04 00 00 00 
　　　　02 00 00 00 DC 9B D7 08 03 00 00 00 04 00 00 00 
　　　　00 00 00 00 ： ターン条件終わり
−会話条件−
D6A738　03 00 07 00 B8 9A D7 08 1B 04 00 00 00 00 00 00 
　　　　03 00 08 00 E0 9A D7 08 04 10 00 00 00 00 00 00 
　　　　03 00 09 00 08 9B D7 08 2D 10 00 00 00 00 00 00 
　　　　03 00 09 00 08 9B D7 08 10 2D 00 00 00 00 00 00 
　　　　03 00 13 00 50 9B D7 08 2D 75 00 00 00 00 00 00 
　　　　03 00 13 00 50 9B D7 08 2D 76 00 00 00 00 00 00 
　　　　03 00 13 00 50 9B D7 08 2D 77 00 00 00 00 00 00 
　　　　03 00 14 00 6C 9B D7 08 2F 75 00 00 00 00 00 00 
　　　　03 00 14 00 6C 9B D7 08 2F 76 00 00 00 00 00 00 
　　　　03 00 14 00 6C 9B D7 08 2F 77 00 00 00 00 00 00 
　　　　03 00 15 00 88 9B D7 08 30 75 00 00 00 00 00 00 
　　　　03 00 15 00 88 9B D7 08 30 76 00 00 00 00 00 00 
　　　　03 00 15 00 88 9B D7 08 30 77 00 00 00 00 00 00 
　　　　03 00 16 00 A4 9B D7 08 2E 75 00 00 00 00 00 00 
　　　　03 00 16 00 A4 9B D7 08 2E 76 00 00 00 00 00 00 
　　　　03 00 16 00 A4 9B D7 08 2E 77 00 00 00 00 00 00 
　　　　03 00 17 00 C0 9B D7 08 31 75 00 00 00 00 00 00 
　　　　03 00 17 00 C0 9B D7 08 31 76 00 00 00 00 00 00 
　　　　03 00 17 00 C0 9B D7 08 31 77 00 00 00 00 00 00 
　　　　00 00 00 00 ： 会話条件終わり
−オブジェクト指定−
D6A86C　07 00 0B 00 64 00 00 00 02 01 12 00 
　　　　07 00 0A 00 04 00 00 00 04 01 12 00 
　　　　07 00 0D 00 57 00 00 00 01 13 12 00 
　　　　07 00 0C 00 63 00 00 00 02 13 12 00 
　　　　08 00 00 00 01 00 00 00 05 06 10 00 
　　　　08 00 11 00 01 00 00 00 0E 0A 10 00 
　　　　08 00 00 00 01 00 00 00 01 15 10 00 
　　　　08 00 00 00 01 00 00 00 03 03 10 00 
　　　　05 00 03 00 01 00 00 00 0E 01 0F 00 
　　　　00 00 00 00 ： オブジェクト指定終わり
−常時条件＆範囲条件−
D6A8DC　01 00 00 00 1C F7 D6 08 65 00 00 00 
　　　　01 00 12 00 58 98 D7 08 11 00 00 00 ： 
　　　　00 00 00 00 ： 常時条件＆範囲条件終わり

−アドレス群−
D6A8F8　44 A6 D6 08 ： ターン条件へ
　　　　38 A7 D6 08 ： 会話条件へ
　　　　6C A8 D6 08 ： オブジェクト指定へ
　　　　DC A8 D6 08 ： 常時条件＆範囲条件へ
　　　　3E F4 D6 08 ： アーチの配置
　　　　A8 F5 D6 08 ： ？
　　　　20 35 D9 08 ： 敵軍初期配置
　　　　40 38 D9 08 ： 敵軍初期配置
　　　　B0 36 D9 08 ： 敵軍初期配置
　　　　00 3A D9 08 ： 敵軍初期配置
　　　　B0 33 D9 08 ： 自軍初期配置(未使用？)
　　　　70 34 D9 08 ： 自軍初期配置
　　　　B0 33 D9 08 ： 自軍初期配置(未使用？)
　　　　70 34 D9 08 ： 自軍初期配置(未使用？)
　　　　2C 94 D7 08 ： 開始イベント
　　　　F0 9B D7 08 ： 終了イベント
               
■イベント内容
D7942C　3B 00 00 00 
　　　　8C 00 10 00 90 00 00 00 
　　　　82 00 00 00 13 00 00 00 15 00 00 00 03 00 00 00 
　　　　32 00 00 00 02 00 00 00 C0 3E D9 08 
　　　　32 00 00 00 03 00 00 00 20 3E D9 08 
　　　　39 00 00 00 
　　　　58 00 01 00 2D AE 07 08 ： 不明
　　　　37 00 00 00 CD 00 51 00 16 00 06 00 
　　　　8D 00 04 00 91 00 00 00 
　　　　25 00 00 00 01 00 00 00 15 00 03 00 30 00 00 00 
　　　　39 00 00 00 
　　　　6D 00 00 00 01 00 00 00 
　　　　4E 00 00 00 0E 00 00 00 ：【0E】
　　　　25 00 00 00 1A 00 00 00 15 00 03 00 30 00 00 00 
　　　　39 00 00 00 
　　　　6D 00 00 00 1A 00 00 00 
　　　　43 00 00 00 0F 00 00 00 ：【0F】
　　　　42 00 00 00 0E 00 00 00 ：【0E】
　　　　25 00 00 00 0B 00 00 00 15 00 03 00 30 00 00 00 
　　　　39 00 00 00 
　　　　6D 00 00 00 0B 00 00 00 
　　　　42 00 00 00 0F 00 00 00 ：【0F】
　　　　25 00 00 00 02 00 00 00 15 00 03 00 30 00 00 00 
　　　　39 00 00 00 
　　　　6D 00 00 00 02 00 00 00 
　　　　25 00 00 00 2D 00 00 00 15 00 03 00 30 00 00 00 
　　　　39 00 00 00 
　　　　6D 00 00 00 2D 00 00 00 
　　　　47 00 00 00 05 00 00 00 2D AE 07 08 ：【05】軍師が居ない場合飛ぶ
　　　　25 00 00 00 CD 00 00 00 15 00 03 00 30 00 00 00 
　　　　39 00 00 00 
　　　　6D 00 00 00 CD 00 00 00 
　　　　42 00 00 00 05 00 00 00 ：【05】
　　　　8C 00 04 00 90 00 00 00 
　　　　3C 00 00 00 2D B3 07 08 ： マップのユニットを消す
　　　　83 00 14 00 
　　　　82 00 00 00 14 00 00 00 0B 00 00 00 1A 00 00 00 
　　　　32 00 00 00 02 00 00 00 20 35 D9 08 
　　　　32 00 00 00 03 00 00 00 B0 36 D9 08 
　　　　39 00 00 00 
　　　　32 00 00 00 02 00 00 00 D0 3B D9 08 
　　　　32 00 00 00 02 00 00 00 10 3C D9 08 
　　　　32 00 00 00 03 00 00 00 30 3C D9 08
　　　　32 00 00 00 03 00 00 00 70 3C D9 08 
　　　　39 00 00 00 
　　　　30 00 00 00 C0 3D D9 08 
　　　　39 00 00 00 
　　　　8D 00 04 00 91 00 00 00 
　　　　30 00 00 00 10 3F D9 08 
　　　　39 00 00 00 
　　　　47 00 00 00 0A 00 00 00 2D AE 07 08 ：【0A】軍師が居ない場合飛ぶ
　　　　37 00 00 00 CD 00 51 00 0C 00 1B 00 
　　　　42 00 00 00 0A 00 00 00 ：【0A】
　　　　4E 00 00 00 0C 00 00 00 ：【0C】
　　　　1E 00 01 00 
　　　　65 00 00 00 01 00 00 00 
　　　　43 00 00 00 0D 00 00 00 ：【0D】　
　　　　42 00 00 00 0C 00 00 00 ：【0C】
　　　　1E 00 02 00 
　　　　65 00 00 00 02 00 00 00 
　　　　42 00 00 00 0D 00 00 00 ：【0D】
　　　　02 00 40 00 
　　　　8C 00 10 00 90 00 00 00 
　　　　05 00 15 00 
　　　　8D 00 10 00 91 00 00 00 
　　　　0F 00 00 00 EA 0A 00 00 EB 0A 00 00 ： 会話(まだ城内には、)
　　　　4A 00 00 00 13 00 00 00 6A 00 00 00 ：【13】フラグ6Aがオンの場合飛ぶ
　　　　8C 00 04 00 90 00 00 00
　　　　02 00 40 00 
　　　　30 00 00 00 60 3F D9 08 
　　　　39 00 00 00 
　　　　74 00 9B 00 ： フラグオン
　　　　71 00 00 00 28 00 00 00 00 00 40 00 ：　不明
　　　　84 00 00 00 ：　不明
　　　　05 00 15 00 
　　　　8D 00 04 00 91 00 00 00 
　　　　0D 00 00 00 EC 0A 00 00 ： 会話(あの、もし！)
　　　　02 00 20 00 
　　　　42 00 00 00 13 00 00 00 ：【13】
　　　　8C 00 10 00 90 00 00 00 
　　　　87 00 00 00 ： 不明
　　　　0B 00 00 00 00 00 00 00

D796D8　36 00 00 00 B0 33 D9 08 70 34 D9 08 B0 33 D9 08 70 34 D9 08 ： 不明
　　　　32 00 00 00 02 00 00 00 F0 3B D9 08 
　　　　32 00 00 00 02 00 00 00 10 3C D9 08 
　　　　32 00 00 00 03 00 00 00 50 3C D9 08 
　　　　32 00 00 00 03 00 00 00 70 3C D9 08 
　　　　39 00 00 00 
　　　　30 00 00 00 C0 3D D9 08 
　　　　39 00 00 00 
　　　　0C 00 00 00 
　　　　4E 00 00 00 00 00 00 00 ：【00】ヘクトル編の場合飛ぶ
　　　　76 00 02 00 
　　　　43 00 00 00 01 00 00 00 ：【01】
　　　　42 00 00 00 00 00 00 00 ：【00】
　　　　76 00 0A 00 
　　　　42 00 00 00 01 00 00 00 ：【01】
　　　　47 00 00 00 0B 00 00 00 2D AE 07 08 ：【0B】軍師が居ない場合飛ぶ
　　　　1D 00 10 1B 
　　　　0F 00 00 00 ED 0A 00 00 EE 0A 00 00 
　　　　42 00 00 00 0B 00 00 00 ：【0B】
　　　　0A 00 00 00 00 00 00 00 
　　　　
D79784　76 00 0D 00 
　　　　3B 00 00 00 
　　　　24 00 00 00 75 00 00 00 0E 00 08 00 
　　　　39 00 00 00 
　　　　30 00 00 00 00 3E D9 08 
　　　　39 00 00 00 
　　　　1E 00 DB 00 
　　　　02 00 10 00 
　　　　24 00 00 00 04 00 00 00 0E 00 09 00 
　　　　26 00 00 00 DB 00 00 00 20 94 D7 08 
　　　　39 00 00 00 
　　　　02 00 10 00 
　　　　8C 00 10 00 90 00 00 00 
　　　　63 00 00 00 04 00 00 00 80 00 00 00 
　　　　05 00 1B 00 
　　　　8D 00 10 00 91 00 00 00 
　　　　7B 00 00 00 
　　　　0D 00 00 00 EF 0A 00 00 09 00 00 00 ： 会話(おい、お前。)レイヴァン
　　　　7C 00 00 00 
　　　　7D 00 B1 00 ： SE
　　　　5D 00 01 00 
　　　　24 00 00 00 04 00 00 00 0D 00 0B 00 
　　　　39 00 00 00 
　　　　5D 00 00 80 
　　　　24 00 00 00 75 00 00 00 0E 00 09 00 
　　　　24 00 00 00 04 00 00 00 0A 00 09 00 
　　　　26 00 00 00 DB 00 00 00 25 94 D7 08 
　　　　39 00 00 00 
　　　　69 00 00 00 DB 00 00 00 
　　　　0A 00 00 00 00 00 00 00

D79858　8C 00 10 00 90 00 00 00 
　　　　05 00 1B 00 
　　　　8D 00 10 00 91 00 00 00 
　　　　4C 00 01 00 01 00 00 00 2D 00 00 00 ：【01】リンで訪問した場合飛ぶ
　　　　4C 00 01 00 02 00 00 00 2F 00 00 00 ：【02】ケントで訪問した場合飛ぶ
　　　　4C 00 01 00 03 00 00 00 30 00 00 00 ：【03】セインで訪問した場合飛ぶ
　　　　4C 00 01 00 04 00 00 00 2E 00 00 00 ：【04】ウィルで訪問した場合飛ぶ
　　　　4C 00 01 00 05 00 00 00 31 00 00 00 ：【05】フロリーナで訪問した場合飛ぶ
　　　　7B 00 00 00 
　　　　0D 00 00 00 F6 0A 00 00 ： 会話(キアラン兵)
　　　　7C 00 00 00 
　　　　43 00 00 00 09 00 00 00 ：【09】
　　　　42 00 00 00 01 00 00 00 ：【01】
　　　　7B 00 00 00 
　　　　0D 00 00 00 F1 0A 00 00 ： 会話(リンの場合)
　　　　7C 00 00 00 
　　　　74 00 13 00 
　　　　43 00 00 00 09 00 00 00 ：【09】
　　　　42 00 00 00 02 00 00 00 ：【02】
　　　　7B 00 00 00 
　　　　0D 00 00 00 F2 0A 00 00 
　　　　7C 00 00 00 
　　　　74 00 14 00 
　　　　43 00 00 00 09 00 00 00 ：【09】
　　　　42 00 00 00 03 00 00 00 ：【03】
　　　　7B 00 00 00 
　　　　0D 00 00 00 F3 0A 00 00 
　　　　7C 00 00 00 
　　　　74 00 15 00 
　　　　43 00 00 00 09 00 00 00 ：【09】
　　　　42 00 00 00 04 00 00 00 ：【04】
　　　　7B 00 00 00 
　　　　0D 00 00 00 F4 0A 00 00 
　　　　7C 00 00 00 
　　　　74 00 16 00 
　　　　43 00 00 00 09 00 00 00 ：【09】
　　　　42 00 00 00 05 00 00 00 ：【05】
　　　　7B 00 00 00 
　　　　0D 00 00 00 F5 0A 00 00 
　　　　7C 00 00 00 
　　　　74 00 17 00 
　　　　42 00 00 00 06 00 00 00 ：【06】
　　　　42 00 00 00 09 00 00 00 ：【09】
　　　　56 00 00 00 C8 99 D7 08 ： D799C8へ
　　　　0A 00 00 00 00 00 00 00 

D7998C　76 00 08 00 
　　　　8C 00 10 00 90 00 00 00 
　　　　05 00 1B 00 
　　　　8D 00 10 00 91 00 00 00 
　　　　0D 00 00 00 F0 0A 00 00 ： 会話(キアラン兵脱獄)
　　　　7B 00 00 00 
　　　　14 00 00 00 
　　　　7C 00 00 00 
　　　　56 00 00 00 C8 99 D7 08 ： D799C8へ
　　　　0A 00 00 00 00 00 00 00 

D799C8　4B 00 00 00 05 00 00 00 11 00 00 00 ：【05】フラグ11がオフの場合飛ぶ
　　　　8C 00 10 00 90 00 00 00 
　　　　05 00 1B 00 
　　　　8D 00 10 00 91 00 00 00 
　　　　7B 00 00 00 
　　　　0D 00 00 00 F7 0A 00 00 
　　　　11 00 00 00 F8 0A 00 00 
　　　　11 00 00 00 F9 0A 00 00 ： 会話(それでは、同朋たちよ！)
　　　　7C 00 00 00 
　　　　09 00 00 00 
　　　　43 00 00 00 07 00 00 00 ：【07】
　　　　42 00 00 00 05 00 00 00 ：【05】
　　　　7B 00 00 00 
　　　　11 00 00 00 F8 0A 00 00 
　　　　11 00 00 00 FA 0A 00 00 
　　　　7C 00 00 00 
　　　　09 00 00 00 
　　　　02 00 1E 00 
　　　　7D 00 B1 00 
　　　　5D 00 01 00 
　　　　42 00 00 00 07 00 00 00 ：【07】
　　　　52 00 00 00 32 00 00 00 ：【32】ハード
　　　　88 00 00 00 ： 不明
　　　　02 00 08 00
　　　　A5 00 05 00 00 00 00 00 FB 0A 00 00 ： 会話(魔法について解説しましょう)
　　　　40 00 00 00 81 3B 08 08 
　　　　42 00 00 00 32 00 00 00 ：【32】
　　　　72 00 00 00 10 00 00 00 06 03 00 00 
　　　　72 00 00 00 75 00 00 00 00 00 00 00 
　　　　72 00 00 00 76 00 00 00 00 00 00 00 
　　　　72 00 00 00 77 00 00 00 00 00 00 00 
　　　　3C 00 00 00 C9 DB 07 08 
┗07DBC9　B5 10 20 9A F7 AA FA 04 1C 3E 20 98 F7 0C FD 01 
　　　　　1C 20 1C 99 F7 32 FF 10 20 9A F7 9F FA 04 1C 6B 
　　　　　20 98 F7 01 FD 01 1C 20 1C 99 F7 27 FF 75 20 9A 
　　　　　F7 94 FA 04 1C 16 20 98 F7 F6 FC 01 1C 20 1C 99 
　　　　　F7 1C FF 75 20 9A F7 89 FA 04 1C 6B 20 98 F7 EB 
　　　　　FC 01 1C 20 1C 99 F7 11 FF 76 20 9A F7 7E FA 04 
　　　　　1C 16 20 98 F7 E0 FC 01 1C 20 1C 99 F7 06 FF 76 
　　　　　20 9A F7 73 FA 04 1C 6B 20 98 F7 D5 FC 01 1C 20 
　　　　　1C 99 F7 FB FE 77 20 9A F7 68 FA 04 1C 1C 20 98 
　　　　　F7 CA FC 01 1C 20 1C 99 F7 F0 FE 77 20 9A F7 5D 
　　　　　FA 04 1C 6B 20 98 F7 BF FC 01 1C 20 1C 99 F7 E5 
　　　　　FE 10 BC 01 BC 00 47 00 ： キアラン兵達にアイテムを持たせる
　　　　0A 00 00 00 00 00 00 00 

D79AB8　77 00 42 00 
　　　　0D 00 00 00 01 0B 00 00 09 00 00 00 ： 会話(レイヴァンとプリシラ)
　　　　63 00 00 00 04 00 00 00 00 00 00 00 
　　　　78 00 06 00 
　　　　0A 00 00 00 00 00 00 00 
　　　　
D79AE0　77 00 42 00 
　　　　0D 00 00 00 02 0B 00 00 09 00 00 00 
　　　　63 00 00 00 10 00 00 00 00 00 00 00 
　　　　78 00 06 00 
　　　　0A 00 00 00 00 00 00 00 

D79B08　7B 00 00 00 
　　　　47 00 00 00 05 00 00 00 81 DC 07 08 ：【05】条件を満たさない場合飛ぶ
┗07DC81　B5 10 20 9A F7 4E FA 00 22 C0 21 C0 7A 01 40 00 
　　　　　29 00 D1 01 22 10 1C 02 BC 08 47 00 ： 不明
　　　　0D 00 00 00 03 0B 00 00 ： 会話(リンとルセア)仲間になる場合　没？
　　　　43 00 00 00 07 00 00 00 ：【07】
　　　　42 00 00 00 05 00 00 00 ：【05】
　　　　0D 00 00 00 04 0B 00 00 ： 会話(リンとルセア)仲間にならない
　　　　42 00 00 00 07 00 00 00 ：【07】
　　　　09 00 00 00 
　　　　7C 00 00 00 
　　　　0A 00 00 00 00 00 00 00 

D79B50　7B 00 00 00 
　　　　0D 00 00 00 FC 0A 00 00 09 00 00 00 ： 会話(リンとキアラン兵)脱出後？
　　　　7C 00 00 00 
　　　　0A 00 00 00 00 00 00 00 

D79B6C　7B 00 00 00 
　　　　0D 00 00 00 FD 0A 00 00 09 00 00 00 ： 会話(ケントとキアラン兵)脱出後？
　　　　7C 00 00 00 
　　　　0A 00 00 00 00 00 00 00 
　　　　
D79B88　7B 00 00 00 
　　　　0D 00 00 00 FE 0A 00 00 09 00 00 00 
　　　　7C 00 00 00 
　　　　0A 00 00 00 00 00 00 00 

D79BA4　7B 00 00 00 
　　　　0D 00 00 00 FF 0A 00 00 09 00 00 00 
　　　　7C 00 00 00 
　　　　0A 00 00 00 00 00 00 00 
　　　　
D79BC0　7B 00 00 00 
　　　　0D 00 00 00 00 0B 00 00 09 00 00 00 
　　　　7C 00 00 00 
　　　　0A 00 00 00 00 00 00 00 

D79BDC　72 00 00 00 04 00 00 00 00 00 00 00 ： レイヴァンを突撃に
　　　　0A 00 00 00 00 00 00 00

D79BF0　3C 00 00 00 9D DC 07 08 
┗07DC9D　B5 0A 20 FC F7 12 FA 0B 20 FC F7 0F FA 0C 20 FC 
　　　　　F7 0C FA 0D 20 FC F7 09 FA FC F7 D1 FE 0E 20 FC 
　　　　　F7 04 FA 0F 20 FC F7 01 FA 10 20 FC F7 FE F9 01 
　　　　　BC 00 47 10 ： 不明
　　　　3C 00 00 00 D1 A5 07 08 ： 不明
　　　　76 00 39 00 
　　　　02 00 40 00 
　　　　8C 00 04 00 90 00 00 00 
　　　　3C 00 00 00 DD B2 07 08 ： 不明
　　　　05 00 10 00 
　　　　8D 00 04 00 91 00 00 00 
　　　　0D 00 00 00 07 0B 00 00 
　　　　7A 00 06 00 
　　　　8C 00 04 00 90 00 00 00 
　　　　05 00 12 00 
　　　　02 00 1E 00 
　　　　77 00 34 00 
　　　　8D 00 04 00 91 00 00 00 
　　　　0D 00 00 00 08 0B 00 00 
　　　　7A 00 02 00 
　　　　02 00 14 00 
　　　　77 00 52 00 
　　　　14 00 00 00 
　　　　7B 00 00 00 
　　　　14 00 00 00 
　　　　7A 00 02 00 
　　　　02 00 20 00 
　　　　78 00 04 00 
　　　　47 00 00 00 00 00 00 00 31 A8 07 08 ：【00】条件を満たさない場合飛ぶ
┗07A831　B5 23 20 FF F7 BE FF 00 06 00 16 02 BC 08 47 00 ： マシューが生存している
　　　　8C 00 10 00 90 00 00 00 
　　　　02 00 40 00 
　　　　05 00 15 00 
　　　　8D 00 10 00 91 00 00 00 
　　　　0D 00 00 00 09 0B 00 00 
　　　　42 00 00 00 00 00 00 00 ：【00】
　　　　47 00 00 00 05 00 00 00 3D DD 07 08 ：【05】条件を満たさない場合飛ぶ
┗07DD3D　B5 FF F7 C7 FF 00 21 00 06 00 0E 02 28 00 D8 01 
　　　　　21 08 1C 02 BC 08 47 00 ： キアラン兵が一人でも生存してる？
　　　　8C 00 04 00 90 00 00 00 
　　　　02 00 00 00 
　　　　05 00 15 00 
　　　　8D 00 04 00 91 00 00 00 
　　　　47 00 00 00 03 00 00 00 25 DD 07 08 ：【03】条件を満たさない場合飛ぶ
┗07DD25　B5 FF F7 D3 FF 00 21 00 06 00 0E 01 28 00 D8 01 
　　　　　21 08 1C 02 BC 08 47 00 ： キアラン兵が二人生存？
　　　　47 00 00 00 02 00 00 00 0D DD 07 08 ：【02】条件を満たさない場合飛ぶ
┗07DD0D　B5 FF F7 DF FF 00 21 00 06 00 28 00 D1 01 21 08 
　　　　　1C 02 BC 08 47 00 00 00 ： キアラン兵が全員生存？
　　　　0D 00 00 00 0A 0B 00 00 09 00 00 00 ： 会話(全員生存)
　　　　84 00 00 00 91 00 00 00 5B 00 00 00 75 00 00 00 
　　　　43 00 00 00 04 00 00 00 ：【04】
　　　　42 00 00 00 02 00 00 00 ：【02】
　　　　0D 00 00 00 0B 0B 00 00 09 00 00 00 ： 会話(二人生存)
　　　　84 00 00 00 91 00 00 00 5B 00 00 00 7A 00 00 00 
　　　　43 00 00 00 04 00 00 00 ：【04】
　　　　42 00 00 00 03 00 00 00 ：【03】
　　　　0D 00 00 00 0C 0B 00 00 09 00 00 00 ： 会話(一人生存)
　　　　84 00 00 00 91 00 00 00 5B 00 00 00 79 00 00 00 
　　　　42 00 00 00 04 00 00 00 ：【04】
　　　　87 00 00 00 
　　　　42 00 00 00 05 00 00 00 ：【05】
　　　　CC 00 00 00 C8 91 D8 08 ： 負傷イベント
　　　　98 00 00 00 ： 不明
　　　　47 00 00 00 07 00 00 00 3D DD 07 08 ：【07】キアラン兵が一人も生存していない場合飛ぶ
　　　　8C 00 04 00 90 00 00 00 
　　　　85 00 00 00 ： スキップ禁止
　　　　05 00 5B 00 
　　　　8D 00 80 00 91 00 00 00 
　　　　02 00 02 00 
　　　　3C 00 00 00 0D 5A 01 08 ： 不明
　　　　A5 00 07 00 00 00 00 00 0D 0B 00 00 ： 会話(外伝に進みますか？)
　　　　40 00 00 00 81 3B 08 08 
　　　　87 00 00 00 ： スキップ解禁
　　　　50 00 00 00 08 00 00 00 ：【08】いいえを選んだ場合飛ぶ
　　　　7F 00 15 00 
　　　　02 00 01 00 01 00 00 00 
　　　　43 00 00 00 09 00 00 00 ：【09】
　　　　42 00 00 00 07 00 00 00 ：【07】
　　　　8C 00 04 00 90 00 00 00 
　　　　05 00 5B 00 
　　　　42 00 00 00 08 00 00 00 ：【08】
　　　　7F 00 16 00 
　　　　02 00 01 00 01 00 00 00 
　　　　42 00 00 00 09 00 00 00 ：【09】
　　　　0A 00 00 00 00 00 00 00 

■この章で使われたフラグ
9B