※作業の高速化のため表記を省略しています。

１７章　港町バドン

離脱ポイントX: Y:

■ワールドマップシーン

■イベント条件群

−ターン条件−
D6A938　02 00 00 00 40 A0 D7 08 01 00 00 00 00 00 00 00 
　　　　02 00 00 00 E8 A0 D7 08 02 00 80 00 00 00 00 00 
　　　　02 00 10 00 18 A1 D7 08 01 63 40 00 00 00 00 00 ： 01〜63の友軍フェイズで実行
　　　　00 00 00 00 ： ターン条件終わり
−会話条件−
D6A96C　03 00 00 00 18 A4 D7 08 00 0C 00 00 00 00 00 00 ： 誰かでファーガスに話しかけた場合？
　　　　00 00 00 00 ： 会話条件終わり
−オブジェクト指定−
D6A980　06 00 08 00 78 A2 D7 08 03 01 0E 00 05 00 08 00 01 00 00 00 03 00 1D 00 
　　　　06 00 09 00 B8 A2 D7 08 08 05 0E 00 05 00 09 00 01 00 00 00 08 04 1D 00 
　　　　06 00 0A 00 F8 A2 D7 08 0C 04 0E 00 05 00 0A 00 01 00 00 00 0C 03 1D 00 
　　　　06 00 0B 00 38 A3 D7 08 11 06 0E 00 05 00 0B 00 01 00 00 00 11 05 1D 00 
　　　　06 00 0C 00 74 A3 D7 08 0F 09 0E 00 05 00 0C 00 01 00 00 00 0F 08 1D 00 
　　　　05 00 00 00 B4 A3 D7 08 15 06 0E 00 
　　　　05 00 00 00 E8 A3 D7 08 08 0C 0E 00 
　　　　0A 00 00 00 3C F2 D6 08 04 04 14 00 
　　　　00 00 00 00 ： オブジェクト指定終わり
−常時条件＆範囲条件−
D6AA20　01 00 00 00 1C F7 D6 08 65 00 00 00 
　　　　0B 00 0D 00 50 A1 D7 08 00 05 0E 0E ： 強い海賊の範囲に入った場合
　　　　0B 00 0F 00 60 A2 D7 08 02 08 02 08 ： ファーガスの立ってるところに行くと発動　普通は無理。
　　　　00 00 00 00 ： 常時条件＆範囲条件終わり

−アドレス群−
D6AA48　38 A9 D6 08 ： ターン条件へ
　　　　6C A9 D6 08 ： 会話条件へ
　　　　80 A9 D6 08 ： オブジェクト指定へ
　　　　20 AA D6 08 ： 常時条件＆範囲条件へ
　　　　3F F4 D6 08 ： アーチの配置(エリウッド編)
　　　　A9 F5 D6 08 ： アーチの配置(ヘクトル編)
　　　　B4 42 D9 08 ： 敵軍初期配置(エリウッド編ノーマル)
　　　　94 44 D9 08 ： 敵軍初期配置(エリウッド編ハード)
　　　　A4 43 D9 08 ： 敵軍初期配置(ヘクトル編ノーマル)
　　　　F4 45 D9 08 ： 敵軍初期配置(ヘクトル編ハード)
　　　　A4 41 D9 08 ： 自軍初期配置(エリウッド編ノーマル)
　　　　44 42 D9 08 ： 自軍初期配置(エリウッド編ハード)
　　　　A4 41 D9 08 ： 自軍初期配置(ヘクトル編ノーマル)
　　　　44 42 D9 08 ： 自軍初期配置(ヘクトル編ハード)
　　　　18 9E D7 08 ： 開始イベント
　　　　18 A4 D7 08 ： 終了イベント
               
■イベント内容
D79E18　3B 00 00 00 
　　　　30 00 00 00 14 48 D9 08 
　　　　31 00 00 00 44 48 D9 08 ： 不明
　　　　39 00 00 00 
　　　　58 00 01 00 2D AE 07 08 ： 不明
　　　　37 00 00 00 CD 00 51 00 04 00 08 00 
　　　　8C 00 10 00 90 00 00 00 05 00 0A 00 8D 00 10 00 91 00 00 00 
　　　　0D 00 00 00 0E 0B 00 00 09 00 00 00 
　　　　3A 00 00 00 
　　　　25 00 00 00 01 00 00 00 15 00 07 00 18 00 00 00 
　　　　25 00 00 00 02 00 00 00 14 00 07 00 18 00 00 00 
　　　　58 00 01 00 2D AE 07 08 
　　　　25 00 00 00 CD 00 00 00 15 00 08 00 18 00 00 00 
　　　　39 00 00 00 
　　　　24 00 00 00 01 00 00 00 15 00 06 00 
　　　　39 00 00 00 
　　　　6D 00 00 00 01 00 00 00 
　　　　24 00 00 00 02 00 00 00 15 00 06 00 39 00 00 00 
　　　　6D 00 00 00 02 00 00 00 
　　　　58 00 03 00 2D AE 07 08 ： 不明
　　　　24 00 00 00 CD 00 00 00 15 00 06 00 
　　　　39 00 00 00 
　　　　6D 00 00 00 CD 00 00 00 
　　　　77 00 6B 00 
　　　　8C 00 10 00 90 00 00 00 05 00 0D 00 8D 00 10 00 91 00 00 00 
　　　　0F 00 00 00 0F 0B 00 00 10 0B 00 00 09 00 00 00 
　　　　24 00 00 00 01 00 00 00 15 00 09 00 
　　　　24 00 00 00 02 00 00 00 16 00 08 00 
　　　　58 00 01 00 2D AE 07 08 ： 不明
　　　　24 00 00 00 CD 00 00 00 14 00 08 00 
　　　　39 00 00 00 
　　　　78 00 06 00 
　　　　8C 00 10 00 90 00 00 00 05 00 2F 00 8D 00 10 00 91 00 00 00 
　　　　3B 00 00 00 
　　　　32 00 00 00 02 00 00 00 B4 42 D9 08 
　　　　32 00 00 00 03 00 00 00 A4 43 D9 08 
　　　　30 00 00 00 D4 48 D9 08 
　　　　39 00 00 00 
　　　　39 00 00 00 
　　　　3A 00 00 00 
　　　　0F 00 00 00 11 0B 00 00 12 0B 00 00 09 00 00 00 
　　　　76 00 32 00 
　　　　24 00 00 00 DA 00 00 00 0D 00 07 00 
　　　　39 00 00 00 
　　　　7D 00 DC 02 ： SE
　　　　02 00 1E 00 
　　　　0F 00 00 00 13 0B 00 00 14 0B 00 00 09 00 00 00 
　　　　3B 00 00 00 
　　　　24 00 00 00 DA 00 00 00 07 00 07 00 
　　　　39 00 00 00 
　　　　69 00 00 00 DA 00 00 00 
　　　　02 00 40 00 
　　　　3A 00 00 00 
　　　　30 00 00 00 B4 48 D9 08 
　　　　39 00 00 00 
　　　　02 00 40 00 
　　　　65 00 00 00 2D 00 00 00 
　　　　0D 00 00 00 15 0B 00 00 14 00 00 00 09 00 00 00 
　　　　24 00 00 00 2D 00 00 00 15 00 07 00 
　　　　39 00 00 00 
　　　　0D 00 00 00 16 0B 00 00 09 00 00 00 
　　　　0B 00 00 00 00 00 00 00 

D7A040　36 00 00 00 A4 41 D9 08 44 42 D9 08 A4 41 D9 08 44 42 D9 08 
　　　　0C 00 00 00 
　　　　47 00 00 00 07 00 00 00 2D AE 07 08 ：【07】軍師がいない
　　　　4E 00 00 00 05 00 00 00 ：【05】ヘクトル編
　　　　55 00 00 00 07 00 00 00 10 00 00 00 
　　　　7A 00 04 00 
　　　　1E 00 10 00 
　　　　65 00 00 00 10 00 00 00 
　　　　76 00 06 00 
　　　　0D 00 00 00 17 0B 00 00 
　　　　43 00 00 00 06 00 00 00 ：【06】
　　　　42 00 00 00 05 00 00 00 ：【05】
　　　　55 00 00 00 07 00 00 00 04 00 00 00 
　　　　7A 00 04 00 
　　　　1E 00 04 00 
　　　　65 00 00 00 04 00 00 00 
　　　　76 00 06 00 
　　　　0D 00 00 00 18 0B 00 00 
　　　　42 00 00 00 06 00 00 00 ：【06】
　　　　09 00 00 00 
　　　　42 00 00 00 07 00 00 00 ：【07】
　　　　0A 00 00 00 00 00 00 00 

D7A0E8　76 00 12 00 
　　　　32 00 00 00 02 00 00 00 74 47 D9 08 
　　　　32 00 00 00 03 00 00 00 C4 47 D9 08 
　　　　0D 00 00 00 19 0B 00 00 09 00 00 00 ：　会話(ダミアン)
　　　　0A 00 00 00 00 00 00 00

D7A118　47 00 00 00 05 00 00 00 55 DD 07 08 ：【05】満たさない場合飛ぶ
┗07DD55　B5 08 48 00 68 00 6A C0 78 9B F7 C9 F9 01 1C 00 
　　　　　29 09 D0 C0 20 C9 7A 08 40 00 28 04 D1 01 20 03 
　　　　　E0 00 00 D8 E3 02 02 00 20 02 BC 08 47 00 00 00 ： 誰かがファーガスに隣接している？
　　　　56 00 00 00 18 A4 D7 08 ： D7A418(勝利イベント)へ
　　　　43 00 00 00 09 00 00 00 ：【09】
　　　　42 00 00 00 05 00 00 00 ：【05】
　　　　75 00 10 00 ： フラグオフ
　　　　42 00 00 00 09 00 00 00 ：【09】
　　　　0A 00 00 00 00 00 00 00 

D7A150　46 00 00 00 01 00 00 00 65 AD 07 08 ：【01】満たした場合飛ぶ
┗07AD65　21 03 48 C0 7B 00 28 00 D1 01 21 08 1C 70 47 F4 
　　　　　BB 02 02 00 21 03 48 C0 7B 80 28 00 D1 01 21 08 
　　　　　1C 70 47 F4 BB 02 02 05 48 00 68 01 68 40 68 89 
　　　　　6A 80 6A 01 43 89 0B 01 20 88 43 70 47 00 00 B0 
　　　　　45 00 03 00 ： 不明
　　　　75 00 0D 00 
　　　　43 00 00 00 09 00 00 00 ：【09】
　　　　42 00 00 00 01 00 00 00 ：【01】
　　　　7B 00 00 00 
　　　　0D 00 00 00 1A 0B 00 00 09 00 00 00 
　　　　7C 00 00 00 
　　　　73 00 00 00 09 00 06 00 00 00 00 00 ： 海賊を突撃に
　　　　73 00 00 00 09 00 09 00 00 00 00 00 
　　　　73 00 00 00 08 00 0D 00 00 00 00 00 
　　　　73 00 00 00 09 00 08 00 00 00 00 00 
　　　　73 00 00 00 09 00 07 00 00 00 00 00 
　　　　73 00 00 00 09 00 0E 00 00 00 00 00 
　　　　73 00 00 00 07 00 0E 00 00 00 00 00 
　　　　73 00 00 00 08 00 08 00 00 00 00 00 
　　　　73 00 00 00 0C 00 00 00 00 00 00 00 
　　　　73 00 00 00 06 00 02 00 00 00 00 00 
　　　　73 00 00 00 12 00 00 00 00 00 00 00 
　　　　73 00 00 00 08 00 07 00 00 00 00 00 
　　　　73 00 00 00 0B 00 0C 00 00 00 00 00 
　　　　73 00 00 00 0C 00 0D 00 00 00 00 00 
　　　　73 00 00 00 08 00 0E 00 00 00 00 00 
　　　　73 00 00 00 05 00 00 00 00 00 00 00 
　　　　73 00 00 00 16 00 03 00 00 00 00 00 
　　　　42 00 00 00 09 00 00 00 ：【09】
　　　　0A 00 00 00 00 00 00 00

D7A260　58 00 01 00 65 AD 07 08 ： 不明
┗07AD65　21 03 48 C0 7B 00 28 00 D1 01 21 08 1C 70 47 F4 
　　　　　BB 02 02 00 21 03 48 C0 7B 80 28 00 D1 01 21 08 
　　　　　1C 70 47 F4 BB 02 02 05 48 00 68 01 68 40 68 89 
　　　　　6A 80 6A 01 43 89 0B 01 20 88 43 70 47 00 00 B0 
　　　　　45 00 03 00 ： 不明
　　　　56 00 00 00 18 A4 D7 08 ： 勝利イベントへ
　　　　0A 00 00 00 00 00 00 00

D7A278　7B 00 00 00 
　　　　8C 00 10 00 90 00 00 00 05 00 02 00 8D 00 10 00 91 00 00 00 
　　　　0D 00 00 00 1B 0B 00 00 09 00 00 00 
　　　　7C 00 00 00 
　　　　84 00 00 00 91 00 00 00 59 00 00 00 12 00 00 00 
　　　　0A 00 00 00 00 00 00 00


D7A338　77 00 42 00 
　　　　8C 00 10 00 90 00 00 00 05 00 02 00 8D 00 10 00 91 00 00 00 
　　　　0D 00 00 00 1E 0B 00 00 09 00 00 00 
　　　　78 00 06 00 
　　　　30 00 00 00 54 47 D9 08 
　　　　39 00 00 00 
　　　　0A 00 00 00 00 00 00 00


D7A418　3C 00 00 00 85 DD 07 08 ： 
┗07DD85　B5 08 20 FC F7 9E F9 09 20 FC F7 9B F9 0A 20 FC 
　　　　　F7 98 F9 0B 20 FC F7 95 F9 0C 20 FC F7 92 F9 FC 
　　　　　F7 5A FE 01 BC 00 47 00 ： 不明
　　　　3C 00 00 00 D1 A5 07 08 ： 不明
　　　　4A 00 00 00 05 00 00 00 0E 00 00 00 ：【05】フラグ0Eがオン
　　　　76 00 38 00 
　　　　02 00 40 00 
　　　　8C 00 04 00 90 00 00 00 
　　　　3C 00 00 00 DD B2 07 08 ： 不明
　　　　05 00 0A 00 8D 00 04 00 91 00 00 00 
　　　　0D 00 00 00 27 0B 00 00 
　　　　CC 00 00 00 C8 91 D8 08 
　　　　98 00 00 00 
　　　　74 00 6B 00 
　　　　8C 00 04 00 90 00 00 00 05 00 5B 00 
　　　　7F 00 16 00 
　　　　02 00 01 00 01 00 00 00 
　　　　43 00 00 00 09 00 00 00 ：【09】
　　　　42 00 00 00 05 00 00 00 ：【05】
　　　　76 00 39 00 
　　　　02 00 40 00 
　　　　7B 00 00 00 
　　　　8C 00 10 00 90 00 00 00 05 00 0A 00 8D 00 10 00 91 00 00 00 
　　　　0D 00 00 00 28 0B 00 00 09 00 00 00 ： 会話(ファーガスに攻撃を仕掛けた場合)
　　　　3C 00 00 00 D5 9E 07 08 
┗079ED5　B5 65 20 00 F0 EC F8 2B 20 00 21 89 F7 44 FC 05 
　　　　　48 41 30 01 21 02 78 11 43 01 70 03 48 90 F7 D1 
　　　　　FF 01 BC 00 47 00 00 F4 BB 02 02 1C F7 D6 08 00 
　　　　　20 70 47 70 47 00 00 70 47 00 00 00 20 70 47 70 
　　　　　47 00 00 00 20 70 47 00 20 70 47 70 47 00 00 70 
　　　　　47 00 00 70 47 00 00 70 47 00 00 70 47 00 00 03 
　　　　　1C 00 2B 10 D0 01 3B 08 49 18 1C 00 2B 00 DA D8 
　　　　　1D C0 10 42 18 06 49 C0 00 18 1A 40 18 11 78 00 
　　　　　78 01 43 08 1C 10 70 70 47 00 00 F8 49 00 03 2C 
　　　　　6A D6 08 03 1C 00 2B 11 D0 01 3B 09 49 18 1C 00 
　　　　　2B 00 DA D8 1D C0 10 42 18 07 49 C0 00 18 1A 40 
　　　　　18 12 78 00 78 02 40 10 1C 00 28 06 D1 00 20 05 
　　　　　E0 00 00 F8 49 00 03 2C 6A D6 08 01 20 70 47 02 
　　　　　1C 00 2A 13 D0 01 3A 09 4B 11 1C 00 2A 00 DA D1 
　　　　　1D C9 10 C8 00 10 1A C0 18 00 78 C0 43 00 06 03 
　　　　　0E 04 48 09 18 18 1C 0A 78 10 40 08 70 70 47 2C 
　　　　　6A D6 08 F8 49 00 03 03 49 00 22 48 1D 02 70 01 
　　　　　38 88 42 FB DA 70 47 F8 49 00 03 03 1C 63 2B 12 
　　　　　DD 64 2B 10 D0 65 3B 08 49 18 1C 00 2B 00 DA D8 
　　　　　1D C0 10 42 18 06 49 C0 00 18 1A 40 18 11 78 00 
　　　　　78 01 43 08 1C 10 70 70 47 00 00 F0 49 00 03 2C 
　　　　　6A D6 08 03 1C 64 2B 11 DD 65 3B 09 49 18 1C 00 
　　　　　2B 00 DA D8 1D C0 10 42 18 07 49 C0 00 18 1A 40 
　　　　　18 12 78 00 78 02 40 10 1C 00 28 06 D1 00 20 05 
　　　　　E0 00 00 F0 49 00 03 2C 6A D6 08 01 20 70 47 02 
　　　　　1C 63 2A 15 DD 64 2A 13 D0 65 3A 09 4B 11 1C 00 
　　　　　2A 00 DA D1 1D C9 10 C8 00 10 1A C0 18 00 78 C0 
　　　　　43 00 06 03 0E 04 48 09 18 18 1C 0A 78 10 40 08 
　　　　　70 70 47 2C 6A D6 08 F0 49 00 03 03 49 00 22 C8 
　　　　　1D 02 70 01 38 88 42 FB DA 70 47 F0 49 00 03 00 ： 多分ゲームオーバーの処理。
　　　　02 00 01 00 
　　　　7C 00 00 00 
　　　　42 00 00 00 09 00 00 00 ：【09】
　　　　0A 00 00 00 00 00 00 00


D88E14　0D 00 00 00 25 0B 00 00 09 00 00 00 ： 会話(ファーガスを倒した場合)
　　　　0A 00 00 00 00 00 00 00

■この章で使われたフラグ
