※作業の高速化のため表記を省略しています。

１９章　魔の島

離脱ポイントX: Y:

■ワールドマップシーン

■イベント条件群

−ターン条件−

 ： ターン条件終わり
−会話条件−

 ： 会話条件終わり
−オブジェクト指定−
 ： オブジェクト指定終わり
−常時条件＆範囲条件−
 ： 常時条件＆範囲条件終わり

−アドレス群−
D6ADA0　C8 AC D6 08 ： ターン条件へ
　　　　6C AD D6 08 ： 会話条件へ
　　　　80 AD D6 08 ： オブジェクト指定へ
　　　　84 AD D6 08 ： 常時条件＆範囲条件へ
　　　　41 F4 D6 08 ： アーチの配置(エリウッド編)
　　　　AB F5 D6 08 ： アーチの配置(ヘクトル編)
　　　　EC 58 D9 08 ： 敵軍初期配置(エリウッド編ノーマル)
　　　　AC 5B D9 08 ： 敵軍初期配置(エリウッド編ハード)
　　　　4C 5A D9 08 ： 敵軍初期配置(ヘクトル編ノーマル)
　　　　8C 5D D9 08 ： 敵軍初期配置(ヘクトル編ハード)
　　　　4C 57 D9 08 ： 自軍初期配置(エリウッド編ノーマル)
　　　　1C 58 D9 08 ： 自軍初期配置(エリウッド編ハード)
　　　　4C 57 D9 08 ： 自軍初期配置(ヘクトル編ノーマル)
　　　　1C 58 D9 08 ： 自軍初期配置(ヘクトル編ハード)
　　　　64 AD D7 08 ： 開始イベント
　　　　D4 B2 D7 08 ： 終了イベント
■イベント内容
D7AD64　3B 00 00 00 
　　　　8C 00 10 00 90 00 00 00 
　　　　76 00 4A 00 
　　　　82 00 00 00 2E 00 00 00 09 00 00 00 09 00 00 00 
　　　　9C 00 00 00 
　　　　30 00 00 00 8C 60 D9 08 
　　　　39 00 00 00 
　　　　05 00 44 00 
　　　　8D 00 04 00 91 00 00 00 
　　　　DA 00 00 00 E1 05 00 00 9C 00 0C 00 
　　　　02 00 64 00 
　　　　DB 00 00 00 
　　　　02 00 20 00 
　　　　0D 00 00 00 4F 0B 00 00 
　　　　7D 00 D3 00 
　　　　14 00 00 00 
　　　　7A 00 04 00 
　　　　8C 00 10 00 90 00 00 00 05 00 46 00 8D 00 10 00 91 00 00 00 
　　　　0D 00 00 00 50 0B 00 00 
　　　　76 00 64 00 
　　　　11 00 00 00 51 0B 00 00 
　　　　11 00 00 00 52 0B 00 00 ： 会話(…裏切り者には死の制裁を。)
　　　　48 00 00 00 01 00 00 00 ：【01】不明
　　　　77 00 31 00 
　　　　93 00 00 00 04 00 00 00 00 00 00 00 00 00 00 00 ： 画面の演出
　　　　90 00 00 00 
　　　　14 00 00 00 
　　　　42 00 00 00 01 00 00 00 ：【01】　
　　　　09 00 00 00 
　　　　91 00 00 00 
　　　　95 00 00 00 24 00 00 00 39 00 00 00 48 AD D7 08 00 00 00 00 ： 強制戦闘
┗D7AD48　00 08 01 1E 00 00 80 00 ： 
　　　　71 00 00 00 24 00 00 00 02 00 00 00 
　　　　0D 00 00 00 53 0B 00 00 09 00 00 00 
　　　　7D 00 D9 02 
　　　　69 00 00 00 39 00 00 00 ： レイラを消す
　　　　30 00 00 00 CC 60 D9 08 ： 死んだレイラを呼び出す
　　　　39 00 00 00 78 00 06 00 
　　　　0D 00 00 00 54 0B 00 00 09 00 00 00 
　　　　7A 00 06 00 
　　　　8C 00 04 00 90 00 00 00 
　　　　3C 00 00 00 2D B3 07 08 ： マップのユニットを消す
　　　　82 00 00 00 17 00 00 00 00 00 00 00 00 00 00 00 
　　　　9C 00 03 00 ： 霧を出す
　　　　30 00 00 00 EC 60 D9 08 
　　　　39 00 00 00 
　　　　58 00 01 00 2D AE 07 08 ： 不明
　　　　37 00 00 00 CD 00 51 00 08 00 02 00 
　　　　4A 00 00 00 02 00 00 00 88 00 00 00 ：【02】フラグ88がオン
　　　　30 00 00 00 AC 5F D9 08 ： ダーツ？
　　　　39 00 00 00 
　　　　42 00 00 00 02 00 00 00 ：【02】
　　　　76 00 AC 03 
　　　　05 00 2C 00 
　　　　8D 00 04 00 91 00 00 00 
　　　　DA 00 00 00 E2 05 00 00 68 00 0C 00 
　　　　02 00 64 00 
　　　　DB 00 00 00 
　　　　02 00 20 00 
　　　　0D 00 00 00 55 0B 00 00 
　　　　8C 00 04 00 90 00 00 00 
　　　　05 00 2C 00 
　　　　02 00 30 00 
　　　　8D 00 10 00 91 00 00 00 
　　　　0D 00 00 00 56 0B 00 00 09 00 00 00 
　　　　30 00 00 00 4C 61 D9 08 
　　　　39 00 00 00 
　　　　58 00 01 00 2D AE 07 08 
　　　　26 00 00 00 CD 00 00 00 5B AD D7 08 
　　　　26 00 00 00 01 00 00 00 55 AD D7 08 
　　　　24 00 00 00 02 00 00 00 06 00 07 00 
　　　　24 00 00 00 2D 00 00 00 05 00 06 00 
　　　　26 00 00 00 25 00 00 00 52 AD D7 08 
　　　　39 00 00 00 
　　　　02 00 40 00 
　　　　7A 00 04 00 
　　　　8C 00 10 00 90 00 00 00 05 00 2C 00 8D 00 10 00 91 00 00 00 
　　　　0D 00 00 00 57 0B 00 00 
　　　　47 00 00 00 05 00 00 00 31 A8 07 08 ：【05】マシューが生きていない場合飛ぶ
　　　　8C 00 04 00 90 00 00 00 
　　　　79 00 21 00 06 00 00 00 
　　　　02 00 20 00 
　　　　05 00 2C 00 
　　　　8D 00 04 00 91 00 00 00 
　　　　0D 00 00 00 58 0B 00 00 
　　　　69 00 00 00 39 00 00 00 
　　　　02 00 20 00 
　　　　8C 00 10 00 90 00 00 00 05 00 2C 00 8D 00 10 00 91 00 00 00 
　　　　43 00 00 00 06 00 00 00 ：【06】
　　　　42 00 00 00 05 00 00 00 ：【05】
　　　　8C 00 04 00 90 00 00 00 
　　　　79 00 21 00 06 00 00 00 
　　　　02 00 20 00 
　　　　02 00 20 00 
　　　　05 00 2C 00 8D 00 04 00 91 00 00 00 
　　　　0D 00 00 00 59 0B 00 00 
　　　　69 00 00 00 39 00 00 00 
　　　　02 00 20 00 
　　　　8C 00 10 00 90 00 00 00 05 00 2C 00 8D 00 10 00 91 00 00 00 
　　　　42 00 00 00 06 00 00 00 ：【06】
　　　　0D 00 00 00 5A 0B 00 00 
　　　　7A 00 02 00 
　　　　8C 00 04 00 90 00 00 00 05 00 2C 00 02 00 10 00 8D 00 10 00 91 00 00 00 
　　　　0D 00 00 00 5B 0B 00 00 
　　　　02 00 20 00 
　　　　09 00 00 00 
　　　　24 00 00 00 4B 00 00 00 04 00 06 00 
　　　　39 00 00 00 
　　　　24 00 00 00 4B 00 00 00 03 00 06 00 
　　　　26 00 00 00 2D 00 00 00 50 AD D7 08 
　　　　39 00 00 00 
　　　　76 00 32 00 
　　　　8C 00 10 00 90 00 00 00 05 00 2C 00 8D 00 10 00 91 00 00 00 
　　　　0D 00 00 00 5C 0B 00 00 09 00 00 00 
　　　　24 00 00 00 4B 00 00 00 03 00 08 00 
　　　　39 00 00 00 
　　　　02 00 40 00 
　　　　8C 00 10 00 90 00 00 00 05 00 2C 00 8D 00 10 00 91 00 00 00 
　　　　0D 00 00 00 5D 0B 00 00 09 00 00 00 
　　　　24 00 00 00 4B 00 00 00 0D 00 16 00 
　　　　39 00 00 00 
　　　　39 00 00 00 
　　　　0B 00 00 00 00 00 00 00             


■この章で使われたフラグ
88