※作業の高速化のため表記を省略しています。

１９章外伝　魔封じの者

離脱ポイントX: Y:

■ワールドマップシーン

■イベント条件群

−ターン条件−
D6ADE0　02 00 00 00 5C B6 D7 08 01 00 00 00 00 00 00 00 
      　02 00 09 00 BC B6 D7 08 03 00 80 00 00 00 00 00 ： キシュナ出現
　　  　01 00 0C 00 44 B7 D7 08 0B 00 00 00 ： OBがオンで発動？
　　　　02 00 00 00 C4 6C D9 08 01 00 00 00 02 00 00 00 
　　　　02 00 00 00 D8 6C D9 08 09 0C 00 00 02 00 00 00 
　　　　02 00 00 00 C4 6C D9 08 01 00 00 00 01 00 00 00 
　　　　02 00 00 00 D8 6C D9 08 09 00 00 00 01 00 00 00 
　　　　02 00 0C 00 44 B7 D7 08 0F 00 80 00 02 00 00 00 ： ヘク編キシュナ撤退
　　　　02 00 00 00 C4 6C D9 08 01 02 00 00 05 00 00 00 
　　　　02 00 00 00 D8 6C D9 08 08 09 00 00 05 00 00 00 
　　　　02 00 00 00 D8 6C D9 08 0A 0C 00 00 04 00 00 00 
　　　　02 00 0C 00 44 B7 D7 08 0C 00 80 00 04 00 00 00 ： ヘク編キシュナ撤退
　　　　00 00 00 00 ： ターン条件終わり
−会話条件−
D6AEA0　00 00 00 00 ： 会話条件終わり
−オブジェクト指定−
D6AEA4　06 00 08 00 04 B8 D7 08 12 0E 0E 00 05 00 08 00 01 00 00 00 12 0D 1D 00 
　　　　05 00 03 00 01 00 00 00 02 06 0F 00 
　　　　00 00 00 00 ： オブジェクト指定終わり
−常時条件＆範囲条件−
D6AECC　01 00 00 00 1C F7 D6 08 65 00 00 00 
　　　　01 00 00 00 1C B7 D7 08 02 00 00 00 
　　　　00 00 00 00 ： 常時条件＆範囲条件終わり

−アドレス群−
D6AEE8　E0 AD D6 08 ： ターン条件へ
　　　　A0 AE D6 08 ： 会話条件へ
　　　　A4 AE D6 08 ： オブジェクト指定へ
　　　　CC AE D6 08 ： 常時条件＆範囲条件へ
　　　　42 F4 D6 08 ： アーチの配置(エリウッド編)
　　　　AC F5 D6 08 ： アーチの配置(ヘクトル編)
　　　　28 64 D9 08 ： 敵軍初期配置(エリウッド編ノーマル)
　　　　E8 66 D9 08 ： 敵軍初期配置(エリウッド編ハード)
　　　　A8 65 D9 08 ： 敵軍初期配置(ヘクトル編ノーマル)
　　　　98 68 D9 08 ： 敵軍初期配置(ヘクトル編ハード)
　　　　C8 62 D9 08 ： 自軍初期配置(エリウッド編ノーマル)
　　　　98 63 D9 08 ： 自軍初期配置(エリウッド編ハード)
　　　　C8 62 D9 08 ： 自軍初期配置(ヘクトル編ノーマル)
　　　　98 63 D9 08 ： 自軍初期配置(ヘクトル編ハード)
　　　　FC B3 D7 08 ： 開始イベント
　　　　44 B8 D7 08 ： 終了イベント
               
■イベント内容
D7B3FC　3B 00 00 00 
　　　　1D 00 14 0A 
　　　　30 00 00 00 48 6B D9 08 
　　　　39 00 00 00 
　　　　58 00 01 00 2D AE 07 08 ： 不明
　　　　37 00 00 00 CD 00 51 00 11 00 05 00 
　　　　30 00 00 00 A8 6B D9 08 
　　　　39 00 00 00 
　　　　0C 00 00 00 
　　　　4E 00 00 00 0A 00 00 00 ：【0A】ヘクトル
　　　　65 00 00 00 01 00 00 00 
　　　　8C 00 10 00 90 00 00 00 05 00 2C 00 8D 00 10 00 91 00 00 00 
　　　　2D 00 00 00 02 00 00 00 0E 00 08 00 
　　　　2D 00 00 00 2D 00 00 00 0F 00 09 00 
　　　　0D 00 00 00 6E 0B 00 00 09 00 00 00 
　　　　24 00 00 00 01 00 00 00 10 00 08 00 
　　　　24 00 00 00 1A 00 00 00 0F 00 07 00 
　　　　58 00 01 00 2D AE 07 08 ： 不明
　　　　24 00 00 00 CD 00 00 00 10 00 07 00 
　　　　24 00 00 00 25 00 00 00 11 00 08 00 
　　　　39 00 00 00 
　　　　65 00 00 00 02 00 00 00 
　　　　8C 00 10 00 90 00 00 00 05 00 2C 00 8D 00 10 00 91 00 00 00 
　　　　0D 00 00 00 6F 0B 00 00 09 00 00 00 
　　　　43 00 00 00 0B 00 00 00 ：【0B】
　　　　42 00 00 00 0A 00 00 00 ：【0A】
　　　　65 00 00 00 02 00 00 00 
　　　　8C 00 10 00 90 00 00 00 05 00 2C 00 8D 00 10 00 91 00 00 00 
　　　　0D 00 00 00 70 0B 00 00 09 00 00 00 
　　　　26 00 00 00 02 00 00 00 F8 B3 D7 08 
　　　　26 00 00 00 2D 00 00 00 F8 B3 D7 08 
　　　　39 00 00 00 
　　　　8C 00 10 00 90 00 00 00 05 00 2C 00 8D 00 10 00 91 00 00 00 
　　　　2D 00 00 00 01 00 00 00 10 00 08 00 
　　　　2D 00 00 00 1A 00 00 00 0F 00 07 00 
　　　　58 00 01 00 2D AE 07 08 ： 不明
　　　　2D 00 00 00 CD 00 00 00 10 00 07 00 
　　　　2D 00 00 00 25 00 00 00 11 00 08 00 
　　　　0D 00 00 00 71 0B 00 00 09 00 00 00 
　　　　42 00 00 00 0B 00 00 00 ：【0B】
　　　　02 00 20 00 
　　　　1E 00 4C 00 
　　　　02 00 00 00 
　　　　7A 00 04 00 
　　　　65 00 00 00 4C 00 00 00 
　　　　8C 00 10 00 90 00 00 00 05 00 2C 00 8D 00 10 00 91 00 00 00 
　　　　76 00 50 00 
　　　　0D 00 00 00 72 0B 00 00 09 00 00 00 
　　　　1D 00 14 0A 
　　　　02 00 00 00 
　　　　7A 00 04 00 
　　　　65 00 00 00 25 00 00 00 
　　　　76 00 AC 03 
　　　　0D 00 00 00 73 0B 00 00 09 00 00 00 
　　　　CD 00 00 00 0E 00 0A 00 01 00 00 00 
　　　　30 00 00 00 E8 6B D9 08 
　　　　39 00 00 00 
　　　　40 00 00 00 21 0F 02 08 ： ワープ演出とセット
　　　　8C 00 10 00 90 00 00 00 05 00 1C 00 
　　　　76 00 32 00 
　　　　8D 00 10 00 91 00 00 00 
　　　　0D 00 00 00 74 0B 00 00 
　　　　4D 00 00 00 0C 00 00 00 ：【0E】エリウッド
　　　　11 00 00 00 75 0B 00 00 
　　　　42 00 00 00 0C 00 00 00 ：【0C】
　　　　8C 00 10 00 90 00 00 00 
　　　　0B 00 00 00 00 00 00 00

D7B65C　36 00 00 00 C8 62 D9 08 98 63 D9 08 C8 62 D9 08 98 63 D9 08 
　　　　0C 00 00 00 
　　　　47 00 00 00 07 00 00 00 2D AE 07 08 ：【07】軍師がいない
　　　　55 00 00 00 07 00 00 00 1E 00 00 00 ：【07】フィオーラがいない　
　　　　7A 00 04 00 
　　　　1E 00 1E 00 
　　　　65 00 00 00 1E 00 00 00 
　　　　76 00 05 00 
　　　　0D 00 00 00 76 0B 00 00 09 00 00 00 
　　　　42 00 00 00 07 00 00 00 ：【07】
　　　　0A 00 00 00 00 00 00 00

07B6BC　30 00 00 00 78 6A D9 08 
　　　　39 00 00 00 
　　　　3C 00 00 00 ED 98 01 08 ：
┗0198ED　B5 81 B0 1B 48 82 89 11 04 09 15 81 84 C2 89 11 
　　　　　04 09 15 C1 84 09 25 07 1C 0E 24 6E 1E 24 20 3B 
　　　　　5E 1B 19 26 21 78 5E 40 19 00 90 12 48 21 1C 2A 
　　　　　1C FF F7 53 FF 01 3C 00 2C F0 DA 35 1C 00 2D EB 
　　　　　DA 08 20 E7 F7 50 FB 03 20 00 21 00 22 E8 F7 13 
　　　　　FA 0A 4A 01 20 51 78 08 43 02 21 08 43 04 21 08 
　　　　　43 08 21 08 43 10 21 08 43 50 70 01 B0 F0 BC 01 
　　　　　BC 00 47 B4 BB 02 02 60 44 02 02 90 27 00 03 F0 ： 結界のオンオフ(演出用)
　　　　02 00 01 00 
　　　　30 00 00 00 98 6A D9 08 
　　　　39 00 00 00 
　　　　76 00 52 00 
　　　　0D 00 00 00 77 0B 00 00 09 00 00 00 ： 会話(・・・・・・)
　　　　47 00 00 00 09 00 00 00 F1 AB 07 08 ：【09】アイオンが生存してない
┗07ABF1　B5 4C 20 FF F7 3E FF 00 06 00 16 02 BC 08 47 00 ： 
　　　　02 00 10 00 
　　　　0D 00 00 00 78 0B 00 00 09 00 00 00 ： 会話(な、何だ！？)
　　　　42 00 00 00 09 00 00 00 ：【09】
　　　　0A 00 00 00 00 00 00 00

D7B71C　4A 00 00 00 09 00 00 00 09 00 00 00 ：【09】フラグ09がオン
　　　　74 00 09 00 
　　　　56 00 00 00 BC B6 D7 08 ： D7B6BCへ
　　　　42 00 00 00 09 00 00 00 ：【09】
　　　　0A 00 00 00 00 00 00 00


D7B744　47 00 00 00 05 00 00 00 31 AB 07 08 ：【05】キシュナが生存してない
┗07AB31　B5 3B 20 FF F7 9E FF 00 06 00 16 02 BC 08 47 00 ： 
　　　　1E 00 3B 00 
　　　　0D 00 00 00 79 0B 00 00 09 00 00 00 ： 会話(キシュナ)
　　　　02 00 20 00 
　　　　CE 00 00 00 3B 00 00 00 00 00 00 00 ： ワープ
　　　　69 00 00 00 3B 00 00 00 
　　　　40 00 00 00 21 0F 02 08 ： ワープとセット
　　　　3C 00 00 00 ED 98 01 08 ： 
┗0198ED　B5 81 B0 1B 48 82 89 11 04 09 15 81 84 C2 89 11 
　　　　　04 09 15 C1 84 09 25 07 1C 0E 24 6E 1E 24 20 3B 
　　　　　5E 1B 19 26 21 78 5E 40 19 00 90 12 48 21 1C 2A 
　　　　　1C FF F7 53 FF 01 3C 00 2C F0 DA 35 1C 00 2D EB 
　　　　　DA 08 20 E7 F7 50 FB 03 20 00 21 00 22 E8 F7 13 
　　　　　FA 0A 4A 01 20 51 78 08 43 02 21 08 43 04 21 08 
　　　　　43 08 21 08 43 10 21 08 43 50 70 01 B0 F0 BC 01 
　　　　　BC 00 47 B4 BB 02 02 60 44 02 02 90 27 00 03 F0 ： 結界のオンオフ(演出用)
　　　　02 00 3C 00 
　　　　42 00 00 00 05 00 00 00 ：【05】
　　　　73 00 00 00 06 00 03 00 00 00 00 00 
　　　　73 00 00 00 05 00 04 00 00 00 00 00 
　　　　73 00 00 00 07 00 04 00 00 00 00 00 
　　　　73 00 00 00 06 00 05 00 00 00 00 00 
　　　　0A 00 00 00 00 00 00 00

D7B7CC　7C 0B 00 00 
　　　　7D 0B 00 00 
　　　　7E 0B 00 00 
　　　　7F 0B 00 00 
　　　　80 0B 00 00 
　　　　81 0B 00 00 
　　　　82 0B 00 00 
　　　　83 0B 00 00 
　　　　84 0B 00 00 
　　　　85 0B 00 00 
　　　　86 0B 00 00 
　　　　87 0B 00 00 
　　　　88 0B 00 00 
　　　　89 0B 00 00 
D7B804　7B 00 00 00 
　　　　8C 00 10 00 90 00 00 00 05 00 02 00 8D 00 10 00 91 00 00 00 
　　　　15 00 00 00 CC B7 D7 08 ： 会話
　　　　09 00 00 00 
　　　　7C 00 00 00 
　　　　84 00 00 00 91 00 00 00 59 00 00 00 5E 00 00 00 
　　　　0A 00 00 00 00 00 00 00

D7B844　3C 00 00 00 CD DD 07 08 
┗07DDCD　B5 08 20 FC F7 7A F9 FC F7 42 FE 01 BC 00 47 00 ： 不明
　　　　3C 00 00 00 D1 A5 07 08 
　　　　76 00 38 00 
　　　　02 00 40 00 
　　　　8C 00 04 00 90 00 00 00 
　　　　3C 00 00 00 DD B2 07 08 ： 不明
　　　　05 00 2C 00 
　　　　8D 00 04 00 91 00 00 00 
　　　　0D 00 00 00 8C 0B 00 00 
　　　　CC 00 00 00 C8 91 D8 08 ： 負傷イベント
　　　　98 00 00 00 
　　　　74 00 6C 00 
　　　　4D 00 00 00 05 00 00 00 ：【05】エリウッド
　　　　47 00 00 00 05 00 00 00 DD DD 07 08 ：【05】満たさない場合
┗07DDDD　B5 26 20 9A F7 A0 F9 00 28 0C D0 00 7A 00 06 00 
　　　　　16 06 28 07 DD 0A 20 FC F7 68 F9 00 06 00 28 01 
　　　　　D0 01 20 00 E0 00 20 02 BC 08 47 70 47 00 00 00 ： リン編でニルスがLv7以上に育ち、かつ生存しており、さらにキシュナを倒している。
　　　　8C 00 04 00 90 00 00 00 
　　　　85 00 00 00 
　　　　05 00 5B 00 
　　　　8D 00 80 00 91 00 00 00 
　　　　02 00 02 00 
　　　　3C 00 00 00 0D 5A 01 08 
　　　　A5 00 07 00 00 00 00 00 8D 0B 00 00 
　　　　40 00 00 00 81 3B 08 08 ： システムメッセージとセット
　　　　87 00 00 00 
　　　　50 00 00 00 06 00 00 00 ：【06】いいえ
　　　　7F 00 19 00 ： 異伝へ
　　　　02 00 01 00 01 00 00 00 
　　　　43 00 00 00 09 00 00 00 ：【09】
　　　　42 00 00 00 05 00 00 00 ：【05】
　　　　8C 00 04 00 90 00 00 00 
　　　　05 00 5B 00 
　　　　42 00 00 00 06 00 00 00 ：【06】
　　　　7F 00 1A 00 ： ２０章へ
　　　　02 00 01 00 01 00 00 00 
　　　　42 00 00 00 09 00 00 00 ：【09】
　　　　0A 00 00 00 00 00 00 00

■この章で使われたフラグ
