※作業の高速化のため表記を省略しています。

２２章　二つの絆

離脱ポイントX: Y:

■ワールドマップシーン

■イベント条件群

−ターン条件−
D6B7C8　02 00 00 00 0C D7 D7 08 01 00 00 00 00 00 00 00 
　　　　02 00 00 00 E4 D7 D7 08 02 00 00 00 00 00 00 00 
　　　　02 00 00 00 04 D8 D7 08 0C 00 00 00 00 00 00 00 
　　　　02 00 00 00 80 A1 D9 08 03 00 00 00 01 00 00 00 
　　　　02 00 00 00 A4 A0 D9 08 04 00 00 00 01 00 00 00 
　　　　02 00 00 00 F4 A0 D9 08 04 00 00 00 01 00 00 00 
　　　　02 00 00 00 1C A1 D9 08 05 00 00 00 01 00 00 00 
　　　　02 00 00 00 A8 A1 D9 08 05 00 00 00 01 00 00 00 
　　　　02 00 00 00 F4 A0 D9 08 08 00 00 00 01 00 00 00 
　　　　02 00 00 00 44 A1 D9 08 08 00 00 00 01 00 00 00 
　　　　02 00 00 00 1C A1 D9 08 09 00 00 00 01 00 00 00 
　　　　02 00 00 00 CC A0 D9 08 08 09 00 00 01 00 00 00 
　　　　02 00 00 00 94 A1 D9 08 03 00 00 00 02 00 00 00 
　　　　02 00 00 00 B8 A0 D9 08 04 00 00 00 02 00 00 00 
　　　　02 00 00 00 08 A1 D9 08 04 00 00 00 02 00 00 00 
　　　　02 00 00 00 30 A1 D9 08 05 00 00 00 02 00 00 00 
　　　　02 00 00 00 BC A1 D9 08 05 00 00 00 02 00 00 00 
　　　　02 00 00 00 08 A1 D9 08 08 00 00 00 02 00 00 00 
　　　　02 00 00 00 6C A1 D9 08 08 00 00 00 02 00 00 00 
　　　　02 00 00 00 30 A1 D9 08 09 00 00 00 02 00 00 00 
　　　　02 00 00 00 CC A0 D9 08 08 09 00 00 02 00 00 00 
　　　　02 00 00 00 A4 A0 D9 08 02 00 00 00 05 00 00 00 
　　　　02 00 00 00 E0 A0 D9 08 08 09 00 00 05 00 00 00 
　　　　02 00 00 00 A4 A0 D9 08 03 04 00 00 03 00 00 00 
　　　　02 00 00 00 F4 A0 D9 08 03 04 00 00 03 00 00 00 
　　　　02 00 00 00 F4 A0 D9 08 07 08 00 00 03 00 00 00 
　　　　02 00 00 00 1C A1 D9 08 04 05 00 00 03 00 00 00 
　　　　02 00 00 00 1C A1 D9 08 08 09 00 00 03 00 00 00 
　　　　02 00 00 00 58 A1 D9 08 07 08 00 00 03 00 00 00 
　　　　02 00 00 00 80 A1 D9 08 02 03 00 00 03 00 00 00 
　　　　02 00 00 00 D0 A1 D9 08 04 05 00 00 03 00 00 00 
　　　　02 00 00 00 B8 A0 D9 08 03 04 00 00 04 00 00 00 
　　　　02 00 00 00 08 A1 D9 08 03 04 00 00 04 00 00 00 
　　　　02 00 00 00 08 A1 D9 08 07 08 00 00 04 00 00 00 
　　　　02 00 00 00 30 A1 D9 08 04 05 00 00 04 00 00 00 
　　　　02 00 00 00 30 A1 D9 08 08 09 00 00 04 00 00 00 
　　　　02 00 00 00 6C A1 D9 08 07 08 00 00 04 00 00 00 
　　　　02 00 00 00 94 A1 D9 08 02 03 00 00 04 00 00 00 
　　　　02 00 00 00 E4 A1 D9 08 04 05 00 00 04 00 00 00 
　　　　00 00 00 00 ： ターン条件終わり
−会話条件−
D6BA3C　03 00 07 00 AC D8 D7 08 2D 32 00 00 00 00 00 00 
　　　　03 00 08 00 D4 D8 D7 08 01 20 00 00 00 00 00 00 
　　　　03 00 08 00 FC D8 D7 08 02 20 00 00 00 00 00 00 
　　　　03 00 08 00 24 D9 D7 08 2D 20 00 00 00 00 00 00 
　　　　03 00 08 00 48 D9 D7 08 25 20 00 00 00 00 00 00 
　　　　00 00 00 00 ： 会話条件終わり
−オブジェクト指定−
D6BA90  07 00 0A 00 76 00 10 27 04 11 12 00 
　　　　07 00 0B 00 23 00 00 00 05 12 12 00 
　　　　0A 00 00 00 B8 F2 D6 08 02 02 15 00 
　　　　08 00 00 00 01 00 00 00 11 09 10 00 
　　　　08 00 00 00 01 00 00 00 04 09 10 00 
　　　　08 00 00 00 01 00 00 00 04 0F 10 00 
　　　　08 00 00 00 01 00 00 00 0A 04 10 00 
　　　　08 00 00 00 01 00 00 00 0B 04 10 00 
　　　　00 00 00 00 ： オブジェクト指定終わり
−常時条件＆範囲条件−
D6BAF4　01 00 00 00 30 D8 D7 08 02 00 00 00 
　　　　01 00 00 00 1C F7 D6 08 65 00 00 00 
　　　　00 00 00 00 ： 常時条件＆範囲条件終わり

−アドレス群−
D6BB10　C8 B7 D6 08 ： ターン条件へ
　　　　3C BA D6 08 ： 会話条件へ
　　　　90 BA D6 08 ： オブジェクト指定へ
　　　　F4 BA D6 08 ： 常時条件＆範囲条件へ
　　　　52 F4 D6 08 ： アーチの配置(エリウッド編)
　　　　CE F5 D6 08 ： アーチの配置(ヘクトル編)
　　　　34 93 D9 08 ： 敵軍初期配置(エリウッド編ノーマル)
　　　　14 95 D9 08 ： 敵軍初期配置(エリウッド編ハード)
　　　　14 94 D9 08 ： 敵軍初期配置(ヘクトル編ノーマル)
　　　　74 96 D9 08 ： 敵軍初期配置(ヘクトル編ハード)
　　　　84 91 D9 08 ： 自軍初期配置(エリウッド編ノーマル)
　　　　74 92 D9 08 ： 自軍初期配置(エリウッド編ハード)
　　　　84 91 D9 08 ： 自軍初期配置(ヘクトル編ノーマル)
　　　　74 92 D9 08 ： 自軍初期配置(ヘクトル編ハード)
　　　　68 D4 D7 08 ： 開始イベント
　　　　6C D9 D7 08 ： 終了イベント
               
■イベント内容
D7D468　3B 00 00 00 
　　　　8C 00 10 00 90 00 00 00 
　　　　82 00 00 00 3C 00 00 00 00 00 00 00 00 00 00 00 ： マップ移動
　　　　30 00 00 00 14 9D D9 08 
　　　　8D 00 04 00 91 00 00 00 
　　　　DA 00 00 00 DF 05 00 00 84 00 0C 00 ： マップ名
　　　　02 00 64 00 
　　　　DB 00 00 00 ： マップ名を消す
　　　　02 00 40 00 
　　　　30 00 00 00 34 9D D9 08 
　　　　02 00 10 00 
　　　　30 00 00 00 54 9D D9 08 
　　　　39 00 00 00 
　　　　30 00 00 00 84 9D D9 08 
　　　　39 00 00 00 
　　　　30 00 00 00 A4 9D D9 08 
　　　　39 00 00 00 
　　　　25 00 00 00 84 00 00 00 05 00 01 00 0C 00 00 00 
　　　　25 00 00 00 5B 00 00 00 04 00 02 00 0C 00 00 00 
　　　　39 00 00 00 
　　　　02 00 20 00 
　　　　0D 00 00 00 F3 0B 00 00 09 00 00 00 
　　　　7A 00 06 00 
　　　　8C 00 04 00 90 00 00 00 
　　　　3C 00 00 00 DD B2 07 08 ： 不明
　　　　82 00 00 00 1C 00 00 00 0C 00 00 00 03 00 00 00 
　　　　02 00 60 00 
　　　　5D 00 00 00 
　　　　1D 00 0C 05 
　　　　30 00 00 00 E4 9D D9 08 
　　　　30 00 00 00 F4 98 D9 08 
　　　　30 00 00 00 64 99 D9 08 
　　　　39 00 00 00 
　　　　8D 00 04 00 91 00 00 00 
　　　　DA 00 00 00 E0 05 00 00 70 00 0C 00 
　　　　02 00 64 00 
　　　　DB 00 00 00 
　　　　02 00 40 00 
　　　　76 00 4F 00 
　　　　8C 00 10 00 90 00 00 00 05 00 3C 00 8D 00 10 00 91 00 00 00 
　　　　0D 00 00 00 F4 0B 00 00 09 00 00 00 
　　　　1D 00 0C 00 
　　　　02 00 20 00 
　　　　30 00 00 00 34 9E D9 08 
　　　　25 00 00 00 25 00 00 00 0B 00 01 00 08 00 00 00 
　　　　7A 00 02 00 
　　　　1E 00 DA 00 
　　　　39 00 00 00 
　　　　02 00 10 00 
　　　　76 00 3A 00 
　　　　0D 00 00 00 F5 0B 00 00 
　　　　7D 00 6C 02 
　　　　8F 00 10 00 91 00 00 00 
　　　　14 00 00 00 
　　　　7D 00 D9 02 
　　　　8C 00 10 00 90 00 00 00 
　　　　02 00 14 00 
　　　　09 00 00 00 
　　　　69 00 00 00 
　　　　DA 00 00 00 30 00 00 00 54 9E D9 08 
　　　　39 00 00 00 
　　　　8D 00 10 00 91 00 00 00 
　　　　26 00 00 00 25 00 00 00 58 D4 D7 08 
　　　　0D 00 00 00 F6 0B 00 00 09 00 00 00 
　　　　39 00 00 00 
　　　　26 00 00 00 01 00 00 00 5D D4 D7 08 
　　　　24 00 00 00 02 00 00 00 0A 00 03 00 
　　　　24 00 00 00 2D 00 00 00 09 00 02 00 
　　　　39 00 00 00 
　　　　8C 00 10 00 90 00 00 00 05 00 3C 00 8D 00 10 00 91 00 00 00 
　　　　0D 00 00 00 F7 0B 00 00 09 00 00 00 
　　　　7A 00 04 00 
　　　　02 00 40 00 
　　　　1D 00 15 16 
　　　　30 00 00 00 74 9E D9 08 
　　　　39 00 00 00 
　　　　76 00 53 00 
　　　　0D 00 00 00 F8 0B 00 00 09 00 00 00 
　　　　24 00 00 00 20 00 00 00 16 00 12 00 
　　　　39 00 00 00 
　　　　69 00 00 00 20 00 00 00 
　　　　3A 00 00 00 
　　　　24 00 00 00 50 00 00 00 0A 00 15 00 
　　　　39 00 00 00 
　　　　3B 00 00 00 
　　　　30 00 00 00 A4 9E D9 08 
　　　　39 00 00 00 
　　　　1E 00 02 00 
　　　　30 00 00 00 C4 9D D9 08 
　　　　39 00 00 00 
　　　　76 00 32 00 
　　　　0D 00 00 00 F9 0B 00 00 09 00 00 00 
　　　　0B 00 00 00 00 00 00 00

D7D70C　36 00 00 00 84 91 D9 08 74 92 D9 08 84 91 D9 08 74 92 D9 08 
　　　　30 00 00 00 54 9E D9 08 ： ニルスの呼び出し
　　　　39 00 00 00 
　　　　30 00 00 00 F4 98 D9 08 ： オスティア兵の呼び出し
　　　　39 00 00 00 
　　　　30 00 00 00 64 99 D9 08 ： イサドラの呼び出し
　　　　39 00 00 00 
　　　　30 00 00 00 84 99 D9 08 ： ヒースの呼び出し
　　　　39 00 00 00 
　　　　0C 00 00 00 
　　　　47 00 00 00 07 00 00 00 2D AE 07 08 ：【07】軍師がいない
　　　　4E 00 00 00 05 00 00 00 ：【05】ヘクトル
　　　　55 00 00 00 07 00 00 00 34 00 00 00 ：【07】イサドラがいない
　　　　7A 00 04 00 
　　　　1E 00 34 00 
　　　　65 00 00 00 34 00 00 00 
　　　　76 00 02 00 
　　　　0D 00 00 00 FA 0B 00 00 
　　　　43 00 00 00 06 00 00 00 ：【06】
　　　　42 00 00 00 05 00 00 00 ：【05】
　　　　55 00 00 00 07 00 00 00 2E 00 00 00 ：【07】ウィルがいない
　　　　7A 00 04 00 
　　　　1E 00 2E 00 
　　　　65 00 00 00 2E 00 00 00 
　　　　76 00 0A 00 
　　　　0D 00 00 00 FB 0B 00 00 
　　　　42 00 00 00 06 00 00 00 ：【06】
　　　　09 00 00 00 
　　　　42 00 00 00 07 00 00 00 ：【07】
　　　　0A 00 00 00 00 00 00 00

D7D7E4　30 00 00 00 B4 98 D9 08 39 00 00 00 
　　　　0D 00 00 00 FC 0B 00 00 09 00 00 00 
　　　　0A 00 00 00 00 00 00 00

D7D814　76 00 0D 00 
　　　　1E 00 50 00 
　　　　65 00 00 00 50 00 00 00 
　　　　0D 00 00 00 04 0C 00 00 09 00 00 00 ： 会話
　　　　56 00 00 00 6C D9 D7 08 ： 勝利イベントへ
　　　　0A 00 00 00 00 00 00 00

D7D830　76 00 0D 00 
　　　　46 00 00 00 02 00 00 00 91 AB 07 08 ：【02】ヒースが生存している
　　　　3C 00 00 00 55 D1 01 08 ： 不明
　　　　02 00 1E 00 
　　　　30 00 00 00 B4 9F D9 08 39 00 00 00 
　　　　1E 00 DC 00 
　　　　65 00 00 00 DC 00 00 00 
　　　　0D 00 00 00 05 0C 00 00 ： 会話(ユバンズ隊長がやられるとは・・・)
　　　　43 00 00 00 09 00 00 00 ：【09】
　　　　42 00 00 00 02 00 00 00 ：【02】
　　　　1E 00 20 00 
　　　　65 00 00 00 20 00 00 00 
　　　　0D 00 00 00 06 0C 00 00 ： 会話(ヒース)
　　　　42 00 00 00 09 00 00 00 ：【09】
　　　　09 00 00 00 
　　　　56 00 00 00 6C D9 D7 08 ： 勝利イベントへ
　　　　0A 00 00 00 00 00 00 00

D7D89C　56 00 00 00 6C D9 D7 08 ： 勝利イベントへ
　　　　0A 00 00 00 00 00 00 00 

D7D8AC　77 00 42 00 
　　　　0D 00 00 00 FF 0B 00 00 09 00 00 00 
　　　　78 00 06 00 
　　　　63 00 00 00 32 00 00 00 00 00 00 00 
　　　　0A 00 00 00 00 00 00 00

D7D8D4　77 00 42 00 
　　　　0D 00 00 00 00 0C 00 00 09 00 00 00 
　　　　78 00 06 00 
　　　　63 00 00 00 20 00 00 00 00 00 00 00 
　　　　0A 00 00 00 00 00 00 00

D7D8FC　77 00 42 00 
　　　　0D 00 00 00 01 0C 00 00 09 00 00 00 
　　　　78 00 06 00 
　　　　63 00 00 00 20 00 00 00 00 00 00 00 
　　　　0A 00 00 00 00 00 00 00

D7D924　77 00 42 00 
　　　　0D 00 00 00 02 0C 00 00 
　　　　78 00 06 00 
　　　　63 00 00 00 20 00 00 00 00 00 00 00 
　　　　0A 00 00 00 00 00 00 00

D7D948　77 00 42 00 
　　　　0D 00 00 00 03 0C 00 00 
　　　　78 00 06 00 
　　　　63 00 00 00 20 00 00 00 00 00 00 00 
　　　　0A 00 00 00 00 00 00 00

D7D96C　3C 00 00 00 A5 DE 07 08 
┗07DEA5　B5 0A 20 FC F7 0E F9 0B 20 FC F7 0B F9 FC F7 D3 
　　　　　FD 02 20 FC F7 06 F9 01 BC 00 47 00 ： 不明
　　　　3C 00 00 00 D1 A5 07 08 ： 不明
　　　　76 00 38 00 
　　　　02 00 40 00 
　　　　8C 00 10 00 90 00 00 00 
　　　　3C 00 00 00 2D B3 07 08 ： マップのユニットを消す
　　　　82 00 00 00 37 00 00 00 00 00 00 00 00 00 00 00 
　　　　3B 00 00 00 
　　　　30 00 00 00 24 9F D9 08 39 00 00 00 
　　　　58 00 01 00 2D AE 07 08 ： 不明
　　　　37 00 00 00 CD 00 51 00 05 00 0A 00 39 00 00 00 
　　　　8D 00 10 00 91 00 00 00 
　　　　02 00 40 00 
　　　　65 00 00 00 2A 00 00 00 
　　　　0D 00 00 00 0A 0C 00 00 09 00 00 00 
　　　　8C 00 04 00 90 00 00 00 02 00 40 00 8D 00 04 00 91 00 00 00 
　　　　1D 00 00 0A 
　　　　25 00 00 00 01 00 00 00 06 00 09 00 0E 00 00 00 
　　　　25 00 00 00 02 00 00 00 07 00 0A 00 0E 00 00 00 
　　　　25 00 00 00 2D 00 00 00 05 00 08 00 0A 00 00 00 39 00 00 00 
　　　　0D 00 00 00 0B 0C 00 00 
　　　　7A 00 02 00 
　　　　02 00 20 00 
　　　　79 00 34 00 04 00 00 00 
　　　　11 00 00 00 0C 0C 00 00 
　　　　1B 00 00 00 2D AE 07 08 0D 0C 00 00 0E 0C 00 00 ： 軍師の分岐会話
　　　　09 00 00 00 
　　　　8C 00 10 00 90 00 00 00 
　　　　1D 00 00 00 
　　　　2D 00 00 00 01 00 00 00 09 00 03 00 
　　　　2D 00 00 00 02 00 00 00 09 00 02 00 
　　　　2D 00 00 00 2D 00 00 00 07 00 04 00 
　　　　2D 00 00 00 25 00 00 00 0A 00 03 00 
　　　　2D 00 00 00 2A 00 00 00 07 00 02 00 
　　　　2C 00 00 00 06 00 01 00 04 00 02 00 ： 移動指定
　　　　2C 00 00 00 08 00 01 00 04 00 03 00 ： 移動指定
　　　　58 00 01 00 2D AE 07 08 
　　　　2D 00 00 00 CD 00 00 00 09 00 04 00 
　　　　8D 00 10 00 91 00 00 00 
　　　　02 00 3C 00 
　　　　0D 00 00 00 0F 0C 00 00 
　　　　1B 00 00 00 2D AE 07 08 10 0C 00 00 11 0C 00 00 
　　　　4D 00 00 00 11 00 00 00 ：【11】エリウッド編
　　　　8C 00 10 00 90 00 00 00 05 00 19 00 8D 00 10 00 91 00 00 00 
　　　　0D 00 00 00 12 0C 00 00 
　　　　42 00 00 00 11 00 00 00 ：【11】
　　　　83 00 1C 00 
　　　　CC 00 00 00 C8 91 D8 08 ： 負傷イベント
　　　　98 00 00 00 
　　　　8C 00 04 00 90 00 00 00 05 00 5B 00 
　　　　7F 00 1D 00 
　　　　02 00 01 00 01 00 00 00 
　　　　0A 00 00 00 00 00 00 00

■この章で使われたフラグ
