※作業の高速化のため表記を省略しています。

２３章　生きた伝説

離脱ポイントX: Y:

■ワールドマップシーン

■イベント条件群

−ターン条件−
D6BB50　02 00 00 00 A8 DD D7 08 01 00 00 00 00 00 00 00 
　　　　02 00 00 00 70 DE D7 08 02 00 00 00 01 00 00 00 
　　　　02 00 00 00 70 DE D7 08 02 00 00 00 02 00 00 00 
　　　　02 00 00 00 04 B0 D9 08 03 00 00 00 01 00 00 00 
　　　　02 00 00 00 18 B0 D9 08 05 00 00 00 01 00 00 00 
　　　　02 00 00 00 54 B0 D9 08 05 06 00 00 01 00 00 00 
　　　　02 00 00 00 68 B0 D9 08 07 08 00 00 01 00 00 00 
　　　　02 00 00 00 04 B0 D9 08 03 00 00 00 02 00 00 00 
　　　　02 00 00 00 18 B0 D9 08 05 00 00 00 02 00 00 00 
　　　　02 00 00 00 54 B0 D9 08 05 06 00 00 02 00 00 00 
　　　　02 00 00 00 68 B0 D9 08 07 08 00 00 02 00 00 00 
　　　　02 00 00 00 14 DF D7 08 01 00 00 00 04 00 00 00 
　　　　02 00 00 00 70 DE D7 08 02 00 00 00 03 00 00 00 
　　　　02 00 00 00 CC DE D7 08 02 00 00 00 04 00 00 00 
　　　　02 00 00 00 04 B0 D9 08 02 03 00 00 05 00 00 00 
　　　　02 00 00 00 18 B0 D9 08 04 05 00 00 05 00 00 00 
　　　　02 00 00 00 54 B0 D9 08 04 06 00 00 05 00 00 00 
　　　　02 00 00 00 68 B0 D9 08 06 08 00 00 05 00 00 00 
　　　　00 00 00 00 ： ターン条件終わり
−会話条件−
D6BC74　03 00 07 00 2C DF D7 08 01 22 00 00 01 00 00 00 
　　　　03 00 07 00 2C DF D7 08 22 01 00 00 01 00 00 00 
　　　　03 00 07 00 54 DF D7 08 02 22 00 00 02 00 00 00 
　　　　03 00 07 00 54 DF D7 08 22 02 00 00 02 00 00 00 
　　　　03 00 08 00 7C DF D7 08 01 15 00 00 01 00 00 00 
　　　　03 00 08 00 7C DF D7 08 15 01 00 00 01 00 00 00 
　　　　03 00 08 00 98 DF D7 08 02 15 00 00 02 00 00 00 
　　　　03 00 08 00 98 DF D7 08 15 02 00 00 02 00 00 00 
　　　　00 00 00 00 ： 会話条件終わり
−オブジェクト指定−
D6BCF8　05 00 00 00 EC DF D7 08 0C 0D 0E 00 ： ファの民家
　　　　00 00 00 00 ： オブジェクト指定終わり
−常時条件＆範囲条件−
D6BD08　0E 00 00 00 C8 E1 D7 08 5D AA 07 08 ： 敵全滅
　　　　01 00 00 00 1C F7 D6 08 65 00 00 00 ： ゲームオーバー
　　　　0B 00 09 00 48 E0 D7 08 00 04 01 05 ： 財宝
　　　　0B 00 0A 00 88 E0 D7 08 03 04 04 05 ： 財宝
　　　　0B 00 0B 00 C8 E0 D7 08 05 08 07 09 ： 財宝
　　　　0B 00 0C 00 08 E1 D7 08 06 07 08 08 ： 財宝
　　　　0B 00 0D 00 48 E1 D7 08 12 0E 13 0F ： 財宝
　　　　0B 00 0E 00 88 E1 D7 08 04 0C 05 0D ： 財宝
　　　　00 00 00 00： 常時条件＆範囲条件終わり

−アドレス群−
D6BD6C　50 BB D6 08 ： ターン条件へ
　　　　74 BC D6 08 ： 会話条件へ
　　　　F8 BC D6 08 ： オブジェクト指定へ
　　　　08 BD D6 08 ： 常時条件＆範囲条件へ
　　　　6B F4 D6 08 ： アーチの配置(エリウッド編)
　　　　E7 F5 D6 08 ： アーチの配置(ヘクトル編)
　　　　9C A5 D9 08 ： 敵軍初期配置(エリウッド編ノーマル)
　　　　3C A8 D9 08 ： 敵軍初期配置(エリウッド編ハード)
　　　　EC A6 D9 08 ： 敵軍初期配置(ヘクトル編ノーマル)
　　　　FC A9 D9 08 ： 敵軍初期配置(ヘクトル編ハード)
　　　　FC A2 D9 08 ： 自軍初期配置(エリウッド編ノーマル)
　　　　BC A3 D9 08 ： 自軍初期配置(エリウッド編ハード)
　　　　4C A4 D9 08 ： 自軍初期配置(ヘクトル編ノーマル)
　　　　0C A5 D9 08 ： 自軍初期配置(ヘクトル編ハード)
　　　　60 DB D7 08 ： 開始イベント
　　　　C8 E1 D7 08 ： 終了イベント
               
■イベント内容
D7DB60　3B 00 00 00 
　　　　30 00 00 00 9C AD D9 08 
　　　　58 00 01 00 2D AE 07 08 ： 不明
　　　　37 00 00 00 CD 00 51 00 11 00 03 00 ： ユニットの呼び出し
　　　　30 00 00 00 EC AD D9 08 39 00 00 00 
　　　　1D 00 11 05 
　　　　0C 00 00 00 
　　　　02 00 20 00 
　　　　25 00 00 00 DA 00 00 00 13 00 07 00 44 00 00 00 39 00 00 00 
　　　　02 00 20 00 
　　　　25 00 00 00 DA 00 00 00 12 00 07 00 44 00 00 00 39 00 00 00 
　　　　02 00 20 00 
　　　　8C 00 10 00 90 00 00 00 05 00 51 00 8D 00 10 00 91 00 00 00 
　　　　0D 00 00 00 13 0C 00 00 09 00 00 00 
　　　　25 00 00 00 02 00 00 00 11 00 07 00 18 00 00 00 39 00 00 00 
　　　　DD 00 00 00 0D 00 00 00 
　　　　04 00 00 00 
　　　　02 00 01 00 
　　　　D2 00 00 00 14 0C 00 00 01 00 00 00 
　　　　7A 00 04 00 
　　　　02 00 20 00 
　　　　8C 00 04 00 90 00 00 00 
　　　　3C 00 00 00 D1 B3 07 08 ： 会話からマップへ
　　　　76 00 3A 00 
　　　　05 00 51 00 
　　　　8D 00 10 00 91 00 00 00 
　　　　0D 00 00 00 15 0C 00 00 
　　　　7A 00 06 00 
　　　　8C 00 04 00 90 00 00 00 
　　　　02 00 1E 00 
　　　　05 00 4A 00 
　　　　8D 00 04 00 91 00 00 00 
　　　　76 00 B1 03 
　　　　0D 00 00 00 16 0C 00 00 
　　　　7A 00 04 00 
　　　　8C 00 04 00 90 00 00 00 
　　　　33 00 00 00 9C A5 D9 08 EC A6 D9 08 3C A8 D9 08 FC A9 D9 08 ： 敵の初期配置。エリノー、ヘクノー、エリハー、ヘクハーの順
　　　　32 00 00 00 02 00 00 00 FC AB D9 08 
　　　　32 00 00 00 03 00 00 00 1C AC D9 08 
　　　　39 00 00 00 
　　　　4E 00 00 00 0F 00 00 00 ：【0F】ヘクトル
　　　　2D 00 00 00 53 00 00 00 08 00 09 00 
　　　　2D 00 00 00 54 00 00 00 0A 00 09 00 
　　　　42 00 00 00 0F 00 00 00 ：【0F】
　　　　4D 00 00 00 0E 00 00 00 ：【0E】
　　　　2D 00 00 00 53 00 00 00 04 00 06 00 
　　　　2D 00 00 00 54 00 00 00 03 00 07 00 
　　　　42 00 00 00 0E 00 00 00 ：【0E】
　　　　05 00 51 00 
　　　　02 00 20 00 
　　　　8D 00 04 00 91 00 00 00 
　　　　76 00 32 00 
　　　　0D 00 00 00 17 0C 00 00 
　　　　4D 00 00 00 0A 00 00 00 ：【0A】エリウッド
　　　　8C 00 10 00 90 00 00 00 05 00 51 00 8D 00 10 00 91 00 00 00 
　　　　0D 00 00 00 18 0C 00 00 
　　　　42 00 00 00 0A 00 00 00 ：【0A】
　　　　09 00 00 00 
　　　　7A 00 06 00 
　　　　4E 00 00 00 10 00 00 00 ：【10】ヘクトル
　　　　1D 00 05 0C 
　　　　42 00 00 00 10 00 00 00 ：【10】
　　　　4D 00 00 00 11 00 00 00 ：【11】
　　　　1D 00 00 00 
　　　　42 00 00 00 11 00 00 00 ：【11】
　　　　02 00 60 00 
　　　　8C 00 10 00 90 00 00 00 
　　　　76 00 44 00 
　　　　05 00 51 00 8D 00 10 00 91 00 00 00 
　　　　0D 00 00 00 19 0C 00 00 
　　　　8C 00 10 00 90 00 00 00 
　　　　0B 00 00 00 00 00 00 00

D7DDA8　36 00 00 00 FC A2 D9 08 BC A3 D9 08 4C A4 D9 08 0C A5 D9 08 
　　　　32 00 00 00 02 00 00 00 FC AB D9 08 
　　　　32 00 00 00 03 00 00 00 1C AC D9 08 
　　　　3C 00 00 00 0D DF 07 08 
┗07DF0D　B5 00 25 01 24 20 1C 9B F7 EE F8 00 28 08 D0 00 
　　　　　68 00 28 05 D0 00 79 22 F0 40 FE 28 18 00 04 05 
　　　　　0C 01 34 3F 2C EE DD 02 48 05 80 30 BC 01 BC 00 
　　　　　47 00 00 FC 49 00 03 30 ： 不明
　　　　0C 00 00 00 
　　　　47 00 00 00 07 00 00 00 2D AE 07 08 ：【07】軍師がいない
　　　　4E 00 00 00 05 00 00 00 ：【05】ヘクトル
　　　　55 00 00 00 07 00 00 00 16 00 00 00 ：【07】カナスがいない
　　　　7A 00 04 00 
　　　　1E 00 16 00 
　　　　65 00 00 00 16 00 00 00 
　　　　76 00 02 00 
　　　　0D 00 00 00 1A 0C 00 00 
　　　　43 00 00 00 06 00 00 00 ：【06】
　　　　42 00 00 00 05 00 00 00 ：【05】
　　　　55 00 00 00 07 00 00 00 32 00 00 00 ：【07】ラスがいない
　　　　7A 00 04 00 
　　　　1E 00 32 00 
　　　　65 00 00 00 32 00 00 00 
　　　　76 00 0A 00 
　　　　0D 00 00 00 1B 0C 00 00 
　　　　42 00 00 00 06 00 00 00 ：【06】
　　　　09 00 00 00 
　　　　42 00 00 00 07 00 00 00 ：【07】
　　　　0A 00 00 00 00 00 00 00

D7DE70　7A 00 04 00 
　　　　1D 00 15 0F 
　　　　7D 00 AF 03 
　　　　8E 00 04 00 90 00 00 00 
　　　　32 00 00 00 02 00 00 00 3C AC D9 08 
　　　　32 00 00 00 03 00 00 00 5C AC D9 08 39 00 00 00 
　　　　02 00 1E 00 
　　　　3D 00 00 00 31 F2 00 08 
┗00F231　B5 06 20 1F F0 98 F8 01 BC 00 47 00 ： 砂嵐を起こす
　　　　8F 00 04 00 91 00 00 00 
　　　　0D 00 00 00 1C 0C 00 00 09 00 00 00 ： 会話(・・・・・・)
　　　　9A 00 00 00 
　　　　0A 00 00 00 00 00 00 00

D7DECC　7A 00 04 00 
　　　　1D 00 15 0F 
　　　　7D 00 AF 03 
　　　　32 00 00 00 02 00 00 00 3C AC D9 08 
　　　　32 00 00 00 03 00 00 00 5C AC D9 08 
　　　　0D 00 00 00 1C 0C 00 00 09 00 00 00 ： 会話(・・・・・・)
　　　　0A 00 00 00 00 00 00 00 

D7DF04　7D 00 A2 03 
　　　　99 00 04 00 
　　　　0A 00 00 00 00 00 00 00

D7DF14　84 00 00 00 ： 不明
　　　　9B 00 03 00 ： 視界
　　　　99 00 06 00 ： 天候
　　　　87 00 00 00 ： スキップ解禁
　　　　0A 00 00 00 00 00 00 00

D7DF2C　77 00 42 00 
　　　　0D 00 00 00 1E 0C 00 00 09 00 00 00 ： 会話(ホークアイ)
　　　　63 00 00 00 22 00 00 00 00 00 00 00 
　　　　78 00 06 00 
　　　　0A 00 00 00 00 00 00 00

D7DF54　77 00 42 00 
　　　　0D 00 00 00 1F 0C 00 00 09 00 00 00 
　　　　63 00 00 00 22 00 00 00 00 00 00 00 
　　　　78 00 06 00 
　　　　0A 00 00 00 00 00 00 00

D7DF7C　7B 00 00 00 
　　　　0D 00 00 00 20 0C 00 00 09 00 00 00 
　　　　7C 00 00 00 
　　　　0A 00 00 00 00 00 00 00

D7DF98　7B 00 00 00 
　　　　0D 00 00 00 21 0C 00 00 09 00 00 00 
　　　　7C 00 00 00 
　　　　0A 00 00 00 00 00 00 00

D7DFB4　22 0C 00 00 ： ファの家に訪問した時の会話
　　　　23 0C 00 00 
　　　　24 0C 00 00 
　　　　25 0C 00 00 
　　　　26 0C 00 00 
　　　　27 0C 00 00 
　　　　28 0C 00 00 
　　　　29 0C 00 00 
　　　　2A 0C 00 00 
　　　　2B 0C 00 00 
　　　　2C 0C 00 00 
　　　　2D 0C 00 00 
　　　　2E 0C 00 00 
　　　　2F 0C 00 00
D7DFEC　7B 00 00 00 
　　　　8C 00 10 00 90 00 00 00 05 00 01 00 8D 00 10 00 91 00 00 00 
　　　　4C 00 00 00 05 00 00 00 22 00 00 00 ：【05】ホークアイ以外の場合飛ぶ
　　　　0D 00 00 00 30 0C 00 00 
　　　　43 00 00 00 06 00 00 00 ：【06】
　　　　42 00 00 00 05 00 00 00 ：【05】
　　　　15 00 00 00 B4 DF D7 08 ： 会話
　　　　42 00 00 00 06 00 00 00 ：【06】
　　　　09 00 00 00 
　　　　7C 00 00 00 
　　　　0A 00 00 00 00 00 00 00

D7E048　46 00 00 00 01 00 00 00 C1 DE 07 08 ：【01】条件を満たす
┗07DEC1　B5 0A 48 C0 7B 00 28 0E D1 09 48 00 68 40 68 00 
　　　　　79 3C 28 0E D0 3D 28 0C D0 82 F7 EB FF 0B 21 42 
　　　　　F0 3C FB 00 28 05 D0 00 20 04 E0 F4 BB 02 02 B0 
　　　　　45 00 03 01 20 02 BC 08 47 00 00 00 ： 盗賊なら100%。それ以外なら幸運%
　　　　75 00 09 00 
　　　　43 00 00 00 09 00 00 00 ：【09】
　　　　42 00 00 00 01 00 00 00 ：【01】
　　　　84 00 00 00 91 00 00 00 59 00 00 00 63 00 00 00 
　　　　42 00 00 00 09 00 00 00 ：【09】
　　　　0A 00 00 00 00 00 00 00

D7E088　46 00 00 00 01 00 00 00 C1 DE 07 08 ：【01】条件を満たす
　　　　75 00 0A 00 
　　　　43 00 00 00 09 00 00 00 ：【09】
　　　　42 00 00 00 01 00 00 00 ：【01】
　　　　84 00 00 00 91 00 00 00 59 00 00 00 10 00 00 00 
　　　　42 00 00 00 09 00 00 00 ：【09】
　　　　0A 00 00 00 00 00 00 00


D7E1C8　7A 00 02 00 
　　　　3C 00 00 00 FD DE 07 08 
┗07DEFD　B5 FC F7 AD FD 02 20 FC F7 E0 F8 01 BC 00 47 30 ： 不明
　　　　3C 00 00 00 D1 A5 07 08 ： 不明
　　　　76 00 38 00 
　　　　02 00 40 00 
　　　　8C 00 04 00 90 00 00 00 
　　　　3C 00 00 00 DD B2 07 08 ： 不明
　　　　05 00 51 00 8D 00 04 00 91 00 00 00 
　　　　4A 00 00 00 01 00 00 00 07 00 00 00 ：【01】07がオン
　　　　0D 00 00 00 34 0C 00 00 
　　　　8C 00 10 00 90 00 00 00 
　　　　4A 00 00 00 12 00 00 00 81 00 00 00 ：【12】81がオン
　　　　63 00 00 00 22 00 00 00 00 00 00 00 
　　　　42 00 00 00 12 00 00 00 ：【12】
　　　　05 00 51 00 8D 00 10 00 91 00 00 00 
　　　　42 00 00 00 01 00 00 00 ：【01】
　　　　0F 00 00 00 35 0C 00 00 36 0C 00 00 
　　　　47 00 00 00 05 00 00 00 45 DF 07 08 ：【05】条件満たさない
┗07DF45　B5 00 25 01 24 20 1C 9B F7 D2 F8 00 28 06 D0 00 
　　　　　68 00 28 03 D0 00 79 22 F0 24 FE 2D 18 01 34 3F 
　　　　　2C F0 DD 03 48 00 88 2D 1A 03 48 85 42 05 DC 00 
　　　　　20 04 E0 FA 49 00 03 BB 02 00 00 01 20 30 BC 02 
　　　　　BC 08 47 30 ： 不明
　　　　47 00 00 00 05 00 00 00 71 A9 07 08 ：【05】ホークアイが生存していない
┗07A971　B5 22 20 FF F7 1E FF 00 06 00 16 02 BC 08 47 00
　　　　8C 00 04 00 90 00 00 00 
　　　　85 00 00 00 
　　　　05 00 5B 00 8D 00 80 00 91 00 00 00 
　　　　02 00 02 00 
　　　　3C 00 00 00 0D 5A 01 08 ： 不明
　　　　A5 00 07 00 00 00 00 00 37 0C 00 00 
　　　　40 00 00 00 81 3B 08 08 
　　　　87 00 00 00 
　　　　50 00 00 00 05 00 00 00 ：【05】いいえ
　　　　CC 00 00 00 C8 91 D8 08 ： 負傷イベント
　　　　98 00 00 00 
　　　　7A 00 01 00 
　　　　8C 00 10 00 90 00 00 00 
　　　　3C 00 00 00 2D B3 07 08 ： マップのユニットを消す
　　　　05 00 51 00 8D 00 10 00 91 00 00 00 
　　　　76 00 AE 03 
　　　　0D 00 00 00 38 0C 00 00 
　　　　8C 00 04 00 90 00 00 00 
　　　　05 00 5B 00 
　　　　7F 00 1E 00 ： 外伝へ
　　　　02 00 01 00 01 00 00 00 
　　　　43 00 00 00 09 00 00 00 ：【09】
　　　　42 00 00 00 05 00 00 00 ：【05】
　　　　02 00 20 00 
　　　　CC 00 00 00 88 E3 D7 08 
┗D7E388　7A 00 06 00 
　　　　　8C 00 04 00 90 00 00 00 
　　　　　02 00 40 00 
　　　　　3C 00 00 00 2D B3 07 08 
　　　　　82 00 00 00 38 00 00 00 00 00 00 00 00 00 00 00 
　　　　　4A 00 00 00 13 00 00 00 81 00 00 00 ：【13】81がオン
　　　　　30 00 00 00 0C AE D9 08 
　　　　　43 00 00 00 14 00 00 00 ：【14】
　　　　　42 00 00 00 13 00 00 00 ：【13】
　　　　　30 00 00 00 8C AE D9 08 
　　　　　42 00 00 00 14 00 00 00 ：【14】
　　　　　58 00 01 00 2D AE 07 08 
　　　　　37 00 00 00 CD 00 51 00 08 00 07 00 
　　　　　39 00 00 00 
　　　　　76 00 B1 03 
　　　　　8D 00 04 00 91 00 00 00 
　　　　　02 00 80 00 
　　　　　8C 00 04 00 90 00 00 00 
　　　　　02 00 00 00 
　　　　　05 00 4A 00 
　　　　　8D 00 04 00 91 00 00 00 
　　　　　0D 00 00 00 39 0C 00 00 ： 会話(アトス)
　　　　　79 00 3C 00 04 00 00 00 
　　　　　11 00 00 00 3A 0C 00 00 
　　　　　11 00 00 00 3B 0C 00 00 
　　　　　8C 00 04 00 90 00 00 00 
　　　　　02 00 30 00 05 00 4A 00 8D 00 04 00 91 00 00 00 
　　　　　19 00 00 00 81 00 00 00 3D 0C 00 00 3C 0C 00 00 ： 不明。フラグで分岐か？
　　　　　47 00 00 00 0B 00 00 00 2D AE 07 08 ：【0B】軍師がいない
　　　　　8C 00 10 00 90 00 00 00 05 00 4A 00 8D 00 10 00 91 00 00 00 
　　　　　0D 00 00 00 3E 0C 00 00 09 00 00 00 
　　　　　84 00 00 00 91 00 00 00 5B 00 00 00 88 00 00 00 ： アフアのしずく入手
　　　　　87 00 00 00 
　　　　　42 00 00 00 0B 00 00 00 ：【0B】
　　　　　09 00 00 00 
　　　　　02 00 80 00 
　　　　　8C 00 10 00 90 00 00 00 05 00 4A 00 8D 00 10 00 91 00 00 00 
　　　　　0D 00 00 00 3F 0C 00 00 
　　　　　7A 00 06 00 
　　　　　14 00 00 00 
　　　　　93 00 00 00 04 00 00 00 00 00 00 00 00 00 00 00 
　　　　　90 00 00 00 
　　　　　02 00 40 00 
　　　　　8C 00 04 00 90 00 00 00 02 00 40 00 05 00 10 00 8D 00 04 00 91 00 00 00 
　　　　　DA 00 00 00 DE 05 00 00 9C 00 0C 00 
　　　　　02 00 64 00 
　　　　　DB 00 00 00 
　　　　　0D 00 00 00 40 0C 00 00 
　　　　　76 00 56 00 
　　　　　11 00 00 00 41 0C 00 00 
　　　　　47 00 00 00 0F 00 00 00 2D AE 07 08 ：【0F】軍師がいない
　　　　　7B 00 00 00 
　　　　　8C 00 04 00 90 00 00 00 05 00 12 00 02 00 20 00 8D 00 10 00 91 00 00 00 
　　　　　0F 00 00 00 42 0C 00 00 43 0C 00 00 ： 分岐会話
　　　　　7C 00 00 00 
　　　　　42 00 00 00 0F 00 00 00 ：【OF】
　　　　　0A 00 00 00 00 00 00 00
　　　　98 00 00 00 
　　　　CC 00 00 00 C8 91 D8 08 ： 負傷イベント
　　　　98 00 00 00 
　　　　8C 00 04 00 90 00 00 00 
　　　　05 00 5B 00 
　　　　83 00 1D 00 
　　　　47 00 00 00 07 00 00 00 89 DF 07 08 ：【07】満たさない場合
┗07DF89　B5 00 25 01 24 20 1C 9B F7 B0 F8 02 1C 00 2A 14 
　　　　　D0 13 68 00 2B 11 D0 D0 68 04 21 08 40 00 28 0C 
　　　　　D1 19 79 48 1E 00 06 00 0E 01 28 01 D9 2D 29 04 
　　　　　D1 08 20 10 56 28 18 00 04 05 0C 01 34 3F 2C E1 
　　　　　DD 31 2D 01 D8 00 20 00 E0 01 20 30 BC 02 BC 08 
　　　　　47 00 00 00 ： エリウッド・ヘクトル・リンのレベルの合計が49以下？
　　　　7F 00 20 00 ： ライナス章
　　　　02 00 01 00 01 00 00 00 
　　　　43 00 00 00 09 00 00 00 ：【09】
　　　　42 00 00 00 07 00 00 00 ：【07】
　　　　7F 00 1F 00 ： ロイド章
　　　　02 00 01 00 01 00 00 00 
　　　　42 00 00 00 09 00 00 00 ：【09】
　　　　0A 00 00 00 00 00 00 00
■この章で使われたフラグ
