※作業の高速化のため表記を省略しています。

２３章外伝　創られし命

離脱ポイントX: Y:

■ワールドマップシーン

■イベント条件群

−ターン条件−
D6BDAC　02 00 00 00 20 E7 D7 08 01 00 00 00 00 00 00 00 
　　　　02 00 09 00 2C E8 D7 08 05 00 00 00 04 00 00 00 
　　　　02 00 00 00 D4 B8 D9 08 06 0A 00 00 04 00 00 00 
　　　　00 00 00 00 ： ターン条件終わり
−会話条件−
D6BDE0　00 00 00 00 ： 会話条件終わり
−オブジェクト指定−
D6BDE4  08 00 00 00 01 00 00 00 06 04 10 00 
　　　　08 00 00 00 01 00 00 00 02 0C 10 00 
　　　　08 00 00 00 01 00 00 00 02 10 10 00 
　　　　08 00 0A 00 01 00 00 00 0A 0C 10 00 
　　　　08 00 00 00 01 00 00 00 12 08 10 00 
　　　　08 00 00 00 01 00 00 00 12 0C 10 00 
　　　　07 00 0C 00 07 00 00 00 02 12 12 00
　　　  07 00 0D 00 5C 00 00 00 0A 0E 12 00 
　　　　07 00 0B 00 52 00 00 00 12 12 12 00 
　　　　00 00 00 00： オブジェクト指定終わり
−常時条件＆範囲条件−
D6BE54  0E 00 00 00 FC E9 D7 08 5D AA 07 08 
　　　　01 00 09 00 74 E9 D7 08 08 00 00 00 
　　　　01 00 09 00 DC E9 D7 08 0A 00 00 00 
　　　　01 00 00 00 1C F7 D6 08 65 00 00 00 
　　　　00 00 00 00 ： 常時条件＆範囲条件終わり

−アドレス群−
D6BE88　AC BD D6 08 ： ターン条件へ
　　　　E0 BD D6 08 ： 会話条件へ
　　　　E4 BD D6 08 ： オブジェクト指定へ
　　　　54 BE D6 08 ： 常時条件＆範囲条件へ
　　　　6C F4 D6 08 ： アーチの配置(エリウッド編)
　　　　E8 F5 D6 08 ： アーチの配置(ヘクトル編)
　　　　30 B2 D9 08 ： 敵軍初期配置(エリウッド編ノーマル)
　　　　30 B4 D9 08 ： 敵軍初期配置(エリウッド編ハード)
　　　　30 B3 D9 08 ： 敵軍初期配置(ヘクトル編ノーマル)
　　　　70 B5 D9 08 ： 敵軍初期配置(ヘクトル編ハード)
　　　　E0 B0 D9 08 ： 自軍初期配置(エリウッド編ノーマル)
　　　　A0 B1 D9 08 ： 自軍初期配置(エリウッド編ハード)
　　　　E0 B0 D9 08 ： 自軍初期配置(ヘクトル編ノーマル)
　　　　A0 B1 D9 08 ： 自軍初期配置(ヘクトル編ハード)
　　　　80 E5 D7 08 ： 開始イベント
　　　　FC E9 D7 08 ： 終了イベント
               
■イベント内容

D7E580　3B 00 00 00 
　　　　4E 00 00 00 14 00 00 00 ：【14】
　　　　30 00 00 00 E0 B7 D9 08 
　　　　39 00 00 00 
　　　　1E 00 01 00 
　　　　0C 00 00 00 
　　　　43 00 00 00 16 00 00 00 ：【16】
　　　　42 00 00 00 14 00 00 00 ：【14】
　　　　1D 00 0E 0C 
　　　　0C 00 00 00 
　　　　CD 00 00 00 0A 00 0A 00 01 00 00 00 
　　　　30 00 00 00 C0 B7 D9 08 39 00 00 00 
　　　　40 00 00 00 21 0F 02 08 ： ワープとセット
　　　　0D 00 00 00 4C 0C 00 00 09 00 00 00 
　　　　02 00 80 00 
　　　　7B 00 00 00 
　　　　DD 00 00 00 27 00 00 00 
　　　　04 00 00 00 
　　　　D2 00 00 00 4D 0C 00 00 01 00 00 00 
　　　　DE 00 00 00 ： CGを消す
　　　　02 00 00 00 
　　　　7C 00 00 00 
　　　　0D 00 00 00 4E 0C 00 00 09 00 00 00 
　　　　7A 00 04 00 
　　　　8C 00 04 00 90 00 00 00 
　　　　69 00 00 00 3B 00 00 00 
　　　　02 00 80 00 
　　　　76 00 22 00 
　　　　30 00 00 00 E0 B7 D9 08 39 00 00 00 
　　　　1E 00 01 00 
　　　　8D 00 04 00 91 00 00 00 
　　　　42 00 00 00 16 00 00 00 ：【16】
　　　　02 00 40 00 
　　　　8C 00 10 00 90 00 00 00 05 00 50 00 8D 00 10 00 91 00 00 00 
　　　　0F 00 00 00 44 0C 00 00 4F 0C 00 00 
　　　　4B 00 00 00 05 00 00 00 6C 00 00 00 ：【05】6Cがオフの場合
　　　　12 00 00 00 45 0C 00 00 50 0C 00 00 ： 分岐会話
　　　　42 00 00 00 05 00 00 00 ：【05】
　　　　12 00 00 00 46 0C 00 00 51 0C 00 00 
　　　　7D 00 E9 02 
　　　　7A 00 02 00 
　　　　8E 00 10 00 90 00 00 00 
　　　　32 00 00 00 02 00 00 00 30 B2 D9 08 
　　　　32 00 00 00 03 00 00 00 30 B3 D9 08 
　　　　39 00 00 00 
　　　　8F 00 04 00 91 00 00 00 
　　　　09 00 00 00 
　　　　02 00 20 00 
　　　　65 00 00 00 DA 00 00 00 
　　　　8C 00 10 00 90 00 00 00 05 00 50 00 8D 00 10 00 91 00 00 00 
　　　　76 00 32 00 
　　　　0F 00 00 00 47 0C 00 00 52 0C 00 00 
　　　　8C 00 04 00 90 00 00 00 
　　　　0B 00 00 00 00 00 00 00

D7E720　7A 00 04 00 
　　　　36 00 00 00 E0 B0 D9 08 A0 B1 D9 08 E0 B0 D9 08 A0 B1 D9 08 
　　　　0C 00 00 00 
　　　　4E 00 00 00 0A 00 00 00 ：【0A】
　　　　1E 00 01 00 
　　　　65 00 00 00 01 00 00 00 
　　　　43 00 00 00 0B 00 00 00 ：【0B】
　　　　42 00 00 00 0A 00 00 00 ：【0A】
　　　　1E 00 02 00 
　　　　65 00 00 00 02 00 00 00 
　　　　42 00 00 00 0B 00 00 00 ：【0B】
　　　　76 00 05 00 
　　　　0F 00 00 00 48 0C 00 00 53 0C 00 00 09 00 00 00 
　　　　7D 00 B8 00 
　　　　3D 00 00 00 DD DF 07 08 
┗07DFDD　B5 81 B0 03 21 00 91 10 21 01 22 02 23 A1 F7 0D 
　　　　　F9 01 B0 01 BC 00 47 00 ： 壁が出現するアニメーション
　　　　5D 00 03 00 
　　　　0F 00 00 00 49 0C 00 00 54 0C 00 00 09 00 00 00 
　　　　47 00 00 00 07 00 00 00 2D AE 07 08 ：【07】軍師がいない
┗07AE2D　48 2B 30 00 78 C0 07 C0 0F 70 47 F4 BB 02 02 02 ： 
　　　　55 00 00 00 07 00 00 00 22 00 00 00 ：【07】ホークアイがいない
　　　　02 00 3C 00 
　　　　1E 00 22 00 
　　　　65 00 00 00 22 00 00 00 
　　　　0D 00 00 00 4A 0C 00 00 09 00 00 00 
　　　　42 00 00 00 07 00 00 00 ：【07】
　　　　0A 00 00 00 00 00 00 00 
　　　　0A 00 00 00 00 00 00 00 
　　　　0A 00 00 00 00 00 00 00

D7E7FC　84 00 00 00 91 00 00 00 5C 00 00 00 88 13 00 00 
　　　　0A 00 00 00 00 00 00 00

D7E814　84 00 00 00 91 00 00 00 5C 00 00 00 88 13 00 00 
　　　　0A 00 00 00 00 00 00 00

D7E82C　47 00 00 00 05 00 00 00 31 AB 07 08 ：【05】キシュナが生存していない
　　　　CE 00 00 00 3B 00 00 00 00 00 00 00 
　　　　69 00 00 00 3B 00 00 00 
　　　　40 00 00 00 21 0F 02 08 
　　　　3C 00 00 00 ED 98 01 08 ： 結界
　　　　42 00 00 00 05 00 00 00 ：【05】
　　　　5D 00 0B 00 
　　　　5D 00 0C 00 
　　　　5D 00 0D 00 
　　　　5D 00 0E 00 
　　　　5D 00 13 00 
　　　　5D 00 08 00 
　　　　5D 00 04 00 
　　　　5D 00 05 00 
　　　　5D 00 0A 00 
　　　　5D 00 06 00 
　　　　5D 00 09 00 
　　　　5D 00 0F 00 
　　　　5D 00 10 00 
　　　　5D 00 12 00 
　　　　0A 00 00 00 00 00 00 00

D7E8A4　47 00 00 00 05 00 00 00 31 AB 07 08 ：【05】キシュナが生存していない
　　　　CE 00 00 00 3B 00 00 00 00 00 00 00 
　　　　69 00 00 00 3B 00 00 00 
　　　　40 00 00 00 21 0F 02 08 
　　　　3C 00 00 00 ED 98 01 08 ： 結界
　　　　42 00 00 00 05 00 00 00 ：【05】
　　　　58 00 03 00 41 AB 07 08 ： 不明 ※次はここから
┗07AB41　B5 7F 20 FF F7 96 FF 00 06 00 16 02 BC 08 47 00 ： モルフが生存している
　　　　CE 00 00 00 7F 00 00 00 00 00 00 00 
　　　　69 00 00 00 7F 00 00 00 
　　　　40 00 00 00 21 0F 02 08 
　　　　58 00 03 00 51 AB 07 08 
　　　　CE 00 00 00 80 00 00 00 00 00 00 00 
　　　　69 00 00 00 80 00 00 00 
　　　　40 00 00 00 21 0F 02 08 
　　　　58 00 03 00 61 AB 07 08 
　　　　CE 00 00 00 81 00 00 00 00 00 00 00 
　　　　69 00 00 00 81 00 00 00 
　　　　40 00 00 00 21 0F 02 08 
　　　　58 00 03 00 71 AB 07 08 
　　　　CE 00 00 00 82 00 00 00 00 00 00 00 
　　　　69 00 00 00 82 00 00 00 
　　　　40 00 00 00 21 0F 02 08 
　　　　0A 00 00 00 00 00 00 00

D7E974　CC 00 00 00 A4 E8 D7 08 ： ↑のイベントへ
　　　　98 00 00 00 
　　　　5D 00 04 00 
　　　　5D 00 05 00 
　　　　5D 00 06 00 
　　　　5D 00 07 00 
　　　　5D 00 08 00 
　　　　5D 00 09 00 
　　　　5D 00 0A 00 
　　　　5D 00 0B 00 
　　　　5D 00 0C 00 
　　　　5D 00 0D 00 
　　　　5D 00 0E 00 
　　　　5D 00 0F 00 
　　　　5D 00 10 00 
　　　　5D 00 11 00 
　　　　5D 00 12 00 
　　　　5D 00 13 00 
　　　　5D 00 14 00 
　　　　02 00 20 00
　　　  30 00 00 00 70 B7 D9 08 39 00 00 00 
　　　　0A 00 00 00 00 00 00 00

D7E9DC　CC 00 00 00 A4 E8 D7 08 
　　　　98 00 00 00 
　　　　30 00 00 00 20 B7 D9 08 39 00 00 00 
　　　　0A 00 00 00 00 00 00 00

D7E9FC　3C 00 00 00 19 E0 07 08 ： 不明
┗07E019　B5 0B 20 FC F7 54 F8 0C 20 FC F7 51 F8 0D 20 FC 
　　　　　F7 4E F8 02 20 FC F7 4B F8 01 BC 00 47 00 00 00 ： 不明
　　　　3C 00 00 00 D1 A5 07 08 ： 不明
　　　　76 00 22 00 
　　　　02 00 3C 00 
　　　　8C 00 04 00 90 00 00 00 
　　　　3C 00 00 00 DD B2 07 08 ： 不明
　　　　05 00 50 00 8D 00 04 00 91 00 00 00 
　　　　0F 00 00 00 4B 0C 00 00 55 0C 00 00 
　　　　7A 00 04 00 
　　　　74 00 6D 00 
　　　　CC 00 00 00 88 E3 D7 08 98 00 00 00 ： アトスとの会話へ
　　　　CC 00 00 00 C8 91 D8 08 98 00 00 00 ： 負傷イベント
　　　　8C 00 04 00 90 00 00 00 05 00 5B 00 
　　　　83 00 1E 00 
　　　　47 00 00 00 07 00 00 00 89 DF 07 08 ：【07】満たさない場合
┗07DF89　B5 00 25 01 24 20 1C 9B F7 B0 F8 02 1C 00 2A 14 
　　　　　D0 13 68 00 2B 11 D0 D0 68 04 21 08 40 00 28 0C 
　　　　　D1 19 79 48 1E 00 06 00 0E 01 28 01 D9 2D 29 04 
　　　　　D1 08 20 10 56 28 18 00 04 05 0C 01 34 3F 2C E1 
　　　　　DD 31 2D 01 D8 00 20 00 E0 01 20 30 BC 02 BC 08 
　　　　　47 00 00 00 ： エリウッド・ヘクトル・リンのレベルの合計が49以下？
　　　　7F 00 20 00 
　　　　02 00 01 00 01 00 00 00 
　　　　43 00 00 00 09 00 00 00 ：【09】
　　　　42 00 00 00 07 00 00 00 ：【07】
　　　　7F 00 1F 00 
　　　　02 00 01 00 01 00 00 00 
　　　　42 00 00 00 09 00 00 00 ：【09】
　　　　0A 00 00 00 00 00 00 00

■この章で使われたフラグ
