※作業の高速化のため表記を省略しています。

２４章　四牙襲来(ロイド)

離脱ポイントX: Y:

■ワールドマップシーン


D8 4E DB 08　85 00 00 00 97 00 00 00 51 64 0B 08 AD 00 00 00 00 00 00 00 00 00 00 00 1C 00 00 00 02 00 10 00 87 00 00 00 02 00 3C 00 B5 00 00 00 4E 00 00 00 00 00 00 00 B4 00 00 00 B0 06 00 00 43 00 00 00 01 00 00 00 42 00 00 00 00 00 00 00 B4 00 00 00 D0 06 00 00 42 00 00 00 01 00 00 00 B2 00 00 00 01 00 00 00 1B 00 00 00 34 05 00 00 00 00 00 00 02 00 06 00 14 00 00 00 14 00 00 00 B3 00 00 00 01 00 00 00 00 01 00 00 00 00 00 00 02 00 1E 00 B7 00 00 00 02 00 02 00 BA 00 00 00 00 00 00 00 04 00 00 00 00 00 00 00 02 00 14 00 B6 00 00 00 4E 00 00 00 02 00 00 00 B4 00 00 00 B1 06 00 00 43 00 00 00 03 00 00 00 42 00 00 00 02 00 00 00 B4 00 00 00 D1 06 00 00 42 00 00 00 03 00 00 00 14 00 00 00 BD 00 00 00 00 00 00 00 02 00 3C 00 B7 00 00 00 02 00 02 00 C9 00 00 00 B0 02 38 01 01 00 00 00 08 00 00 00 02 00 50 00 BE 00 00 00 00 00 00 00 23 03 7C 01 00 00 00 00 00 00 00 00 B5 00 00 00 4E 00 00 00 04 00 00 00 B4 00 00 00 B2 06 00 00 43 00 00 00 05 00 00 00 42 00 00 00 04 00 00 00 B4 00 00 00 D2 06 00 00 42 00 00 00 05 00 00 00 B2 00 00 00 01 00 00 00 53 00 00 00 34 05 00 00 00 00 00 00 02 00 06 00 14 00 00 00 BE 00 00 00 01 00 00 00 F5 01 D2 01 01 00 00 00 00 00 00 00 B3 00 00 00 01 00 00 00 00 01 00 00 00 00 00 00 C2 00 00 00 88 01 88 01 04 00 00 00 00 00 00 00 4E 00 00 00 06 00 00 00 B8 00 00 00 00 00 00 00 F5 01 D2 01 01 00 00 00 00 00 00 00 02 00 00 00 43 00 00 00 07 00 00 00 42 00 00 00 06 00 00 00 B8 00 00 00 00 00 00 00 F5 01 D2 01 03 00 00 00 00 00 00 00 02 00 00 00 42 00 00 00 07 00 00 00 14 00 00 00 40 00 00 00 CD 6D 0B 08 B8 00 00 00 00 00 00 00 FF 01 86 01 00 00 00 00 00 00 00 00 02 00 00 00 B8 00 00 00 00 00 00 00 2B 02 7A 01 00 00 00 00 00 00 00 00 02 00 00 00 B8 00 00 00 00 00 00 00 7F 02 77 01 00 80 00 00 00 00 00 00 02 00 00 00 BE 00 00 00 02 00 00 00 7F 02 77 01 00 00 00 00 00 00 00 00 14 00 00 00 4E 00 00 00 08 00 00 00 B2 00 00 00 00 00 00 00 05 00 00 00 34 05 00 00 00 00 00 00 02 00 06 00 43 00 00 00 09 00 00 00 42 00 00 00 08 00 00 00 B2 00 00 00 00 00 00 00 0F 00 00 00 34 05 00 00 00 00 00 00 02 00 06 00 42 00 00 00 09 00 00 00 14 00 00 00 02 00 3C 00 CB 00 00 00 7A 00 04 00 AE 00 00 00 AF 00 00 00 02 00 3C 00 00 00 00 00


■イベント条件群

−ターン条件−
D6BEC8　02 00 00 00 30 EE D7 08 01 00 00 00 00 00 00 00 
　　　　02 00 0B 00 28 EF D7 08 02 00 00 00 00 00 00 00 
　　　　02 00 00 00 10 C5 D9 08 04 00 00 00 01 00 00 00 
　　　　02 00 00 00 10 C5 D9 08 08 00 00 00 01 00 00 00 
　　　　02 00 00 00 4C C5 D9 08 06 00 00 00 01 00 00 00 
　　　　02 00 00 00 60 C5 D9 08 05 00 00 00 01 00 00 00 
　　　　02 00 00 00 9C C5 D9 08 08 00 00 00 01 00 00 00 
　　　　02 00 00 00 C4 C5 D9 08 07 00 00 00 01 00 00 00 
　　　　02 00 00 00 C4 C5 D9 08 09 00 00 00 01 00 00 00 
　　　　02 00 00 00 24 C5 D9 08 04 00 00 00 02 00 00 00 
　　　　02 00 00 00 24 C5 D9 08 08 00 00 00 02 00 00 00 
　　　　02 00 00 00 4C C5 D9 08 04 06 00 00 02 00 00 00 
　　　　02 00 00 00 60 C5 D9 08 05 00 00 00 02 00 00 00 
　　　　02 00 00 00 9C C5 D9 08 08 09 00 00 02 00 00 00 
　　　　02 00 00 00 C4 C5 D9 08 07 00 00 00 02 00 00 00 
　　　　02 00 00 00 C4 C5 D9 08 09 00 00 00 02 00 00 00 
　　　　02 00 00 00 60 C5 D9 08 0A 0B 00 00 02 00 00 00 
　　　　02 00 00 00 74 C5 D9 08 07 00 00 00 02 00 00 00 
　　　　02 00 00 00 B0 C5 D9 08 08 09 00 00 02 00 00 00 
　　　　02 00 00 00 10 C5 D9 08 02 00 00 00 05 00 00 00 
　　　　02 00 00 00 10 C5 D9 08 06 00 00 00 05 00 00 00 
　　　　02 00 00 00 10 C5 D9 08 0A 00 00 00 05 00 00 00 
　　　　02 00 00 00 C4 C5 D9 08 03 00 00 00 05 00 00 00 
　　　　02 00 00 00 C4 C5 D9 08 05 00 00 00 05 00 00 00 
　　　　02 00 00 00 C4 C5 D9 08 07 00 00 00 05 00 00 00 
　　　　02 00 00 00 C4 C5 D9 08 09 00 00 00 05 00 00 00 
　　　　02 00 00 00 60 C5 D9 08 04 05 00 00 05 00 00 00 
　　　　02 00 00 00 38 C5 D9 08 03 00 00 00 05 00 00 00 
　　　　02 00 00 00 74 C5 D9 08 04 00 00 00 05 00 00 00 
　　　　02 00 00 00 9C C5 D9 08 07 08 00 00 05 00 00 00 
　　　　02 00 00 00 10 C5 D9 08 03 04 00 00 03 00 00 00 
　　　　02 00 00 00 10 C5 D9 08 07 08 00 00 03 00 00 00 
　　　　02 00 00 00 4C C5 D9 08 05 06 00 00 03 00 00 00 
　　　　02 00 00 00 24 C5 D9 08 03 04 00 00 04 00 00 00 
　　　　02 00 00 00 24 C5 D9 08 07 08 00 00 04 00 00 00 
　　　　02 00 00 00 4C C5 D9 08 03 06 00 00 04 00 00 00 
　　　　02 00 00 00 60 C5 D9 08 09 0B 00 00 04 00 00 00 
　　　　02 00 00 00 74 C5 D9 08 06 07 00 00 04 00 00 00 
　　　　02 00 00 00 9C C5 D9 08 09 00 00 00 04 00 00 00 
　　　　02 00 00 00 B0 C5 D9 08 07 09 00 00 04 00 00 00 
　　　　00 00 00 00 ： ターン条件終わり
−会話条件−
D6C14C　03 00 07 00 74 EF D7 08 2D 2C 00 00 00 00 00 00 
　　　　03 00 07 00 9C EF D7 08 2E 2C 00 00 00 00 00 00 
　　　　03 00 07 00 C4 EF D7 08 2F 2C 00 00 00 00 00 00 
　　　　03 00 07 00 EC EF D7 08 30 2C 00 00 00 00 00 00 
　　　　03 00 07 00 14 F0 D7 08 31 2C 00 00 00 00 00 00 
　　　　00 00 00 00 ： 会話条件終わり
−オブジェクト指定−
D6C1A0  06 00 08 00 20 F1 D7 08 0D 0F 0E 00 05 00 08 00 01 00 00 00 0D 0E 1D 00 
　　　　06 00 09 00 60 F1 D7 08 11 02 0E 00 05 00 09 00 01 00 00 00 11 01 1D 00 
　　　　05 00 00 00 3C F0 D7 08 11 0E 0E 00 
　　　　05 00 00 00 C0 F0 D7 08 05 0A 0E 00 
　　　　05 00 00 00 F0 F0 D7 08 02 0F 0E 00 
　　　　0A 00 00 00 C8 F2 D6 08 0D 16 13 00 
　　　　0A 00 00 00 D8 F2 D6 08 0E 16 13 00 
　　　　0A 00 00 00 E6 F2 D6 08 10 18 14 00 
　　　　0A 00 00 00 F2 F2 D6 08 11 17 14 00 
　　　　0A 00 00 00 FC F2 D6 08 05 06 15 00 
　　　　00 00 00 00： オブジェクト指定終わり
−常時条件＆範囲条件−
D6C234　01 00 00 00 A0 F1 D7 08 02 00 00 00 
　　　　01 00 00 00 1C F7 D6 08 65 00 00 00 
　　　　00 00 00 00 ： 常時条件＆範囲条件終わり

−アドレス群−
D6C250　C8 BE D6 08 ： ターン条件へ
　　　　4C C1 D6 08 ： 会話条件へ
　　　　A0 C1 D6 08 ： オブジェクト指定へ
　　　　34 C2 D6 08 ： 常時条件＆範囲条件へ
　　　　6D F4 D6 08 ： アーチの配置(エリウッド編)
　　　　E9 F5 D6 08 ： アーチの配置(ヘクトル編)
　　　　E8 BA D9 08 ： 敵軍初期配置(エリウッド編ノーマル)
　　　　58 BD D9 08 ： 敵軍初期配置(エリウッド編ハード)
　　　　18 BC D9 08 ： 敵軍初期配置(ヘクトル編ノーマル)
　　　　28 BF D9 08 ： 敵軍初期配置(ヘクトル編ハード)
　　　　38 B9 D9 08 ： 自軍初期配置(エリウッド編ノーマル)
　　　　18 BA D9 08 ： 自軍初期配置(エリウッド編ハード)
　　　　38 B9 D9 08 ： 自軍初期配置(ヘクトル編ノーマル)
　　　　18 BA D9 08 ： 自軍初期配置(ヘクトル編ハード)
　　　　F8 EA D7 08 ： 開始イベント
　　　　A0 F1 D7 08 ： 終了イベント
               
■イベント内容
D7EAF8　3B 00 00 00 
　　　　1D 00 0C 18 
　　　　0C 00 00 00 
　　　　30 00 00 00 F8 C2 D9 08 
　　　　31 00 00 00 68 C3 D9 08 
　　　　58 00 01 00 2D AE 07 08 
　　　　30 00 00 00 98 C3 D9 08 
　　　　39 00 00 00 02 00 40 00 
　　　　65 00 00 00 01 00 00 00 
　　　　02 00 10 00 
　　　　8C 00 10 00 90 00 00 00 05 00 08 00 8D 00 10 00 91 00 00 00 
　　　　19 00 00 00 81 00 00 00 58 0C 00 00 59 0C 00 00 
　　　　09 00 00 00 
　　　　3A 00 00 00 
　　　　47 00 00 00 02 00 00 00 71 A9 07 08 ：【02】ホークアイが生存してない
┗07A971　B5 22 20 FF F7 1E FF 00 06 00 16 02 BC 08 47 00
　　　　26 00 00 00 15 00 00 00 C5 EA D7 08 
　　　　02 00 08 00 
　　　　26 00 00 00 0F 00 00 00 CF EA D7 08 
　　　　02 00 38 00 
　　　　26 00 00 00 22 00 00 00 D8 EA D7 08 
　　　　02 00 20 00 
　　　　77 00 A4 03 
　　　　8C 00 10 00 90 00 00 00 39 00 00 00 
　　　　3B 00 00 00 
　　　　69 00 00 00 15 00 00 00 
　　　　69 00 00 00 0F 00 00 00 
　　　　6D 00 00 00 22 00 00 00 
　　　　05 00 21 00 8D 00 10 00 91 00 00 00 
　　　　0D 00 00 00 5A 0C 00 00 09 00 00 00 
　　　　74 00 9A 00 
　　　　43 00 00 00 03 00 00 00 ：【03】
　　　　42 00 00 00 02 00 00 00 ：【02】
　　　　26 00 00 00 15 00 00 00 B0 EA D7 08 
　　　　02 00 08 00 
　　　　26 00 00 00 0F 00 00 00 BC EA D7 08 
　　　　39 00 00 00 
　　　　69 00 00 00 15 00 00 00 
　　　　69 00 00 00 0F 00 00 00 
　　　　3B 00 00 00 
　　　　42 00 00 00 03 00 00 00 ：【03】
　　　　7A 00 04 00 
　　　　02 00 40 00 
　　　　1D 00 07 03 
　　　　64 00 00 00 07 00 03 00 
　　　　02 00 10 00 
　　　　77 00 4F 00 
　　　　8C 00 10 00 90 00 00 00 05 00 3B 00 8D 00 10 00 91 00 00 00 
　　　　0D 00 00 00 5B 0C 00 00 
　　　　76 00 4E 00 
　　　　09 00 00 00 
　　　　1D 00 00 15 
　　　　02 00 10 00 
　　　　8C 00 10 00 90 00 00 00 05 00 08 00 8D 00 10 00 91 00 00 00 
　　　　1A 00 00 00 61 A9 07 08 5D 0C 00 00 5C 0C 00 00 
　　　　47 00 00 00 01 00 00 00 2D AE 07 08 ：【01】
　　　　8C 00 10 00 90 00 00 00 05 00 08 00 8D 00 10 00 91 00 00 00 
　　　　0D 00 00 00 5E 0C 00 00 
　　　　42 00 00 00 01 00 00 00 ：【01】
　　　　8C 00 10 00 90 00 00 00 05 00 08 00 8D 00 10 00 91 00 00 00 
　　　　0D 00 00 00 5F 0C 00 00 
　　　　09 00 00 00 
　　　　26 00 00 00 02 00 00 00 E4 EA D7 08 
　　　　26 00 00 00 2D 00 00 00 EC EA D7 08 
　　　　39 00 00 00 
　　　　6D 00 00 00 02 00 00 00 
　　　　6D 00 00 00 2D 00 00 00 
　　　　02 00 10 00 
　　　　25 00 00 00 25 00 00 00 03 00 15 00 08 00 00 00 
　　　　39 00 00 00 
　　　　02 00 10 00 
　　　　0D 00 00 00 60 0C 00 00 09 00 00 00 
　　　　4D 00 00 00 18 00 00 00 ：【19】
　　　　8C 00 04 00 90 00 00 00 
　　　　02 00 20 00 
　　　　05 00 08 00 
　　　　8D 00 04 00 91 00 00 00 
　　　　0D 00 00 00 61 0C 00 00 09 00 00 00 
　　　　42 00 00 00 18 00 00 00 ：【18】
　　　　7A 00 04 00 
　　　　1D 00 06 0C 
　　　　02 00 00 00 
　　　　64 00 00 00 06 00 0C 00 
　　　　02 00 10 00 
　　　　76 00 50 00 
　　　　8C 00 10 00 90 00 00 00 05 00 25 00 8D 00 10 00 91 00 00 00 
　　　　0D 00 00 00 62 0C 00 00 09 00 00 00 
　　　　7A 00 02 00 
　　　　30 00 00 00 B8 C3 D9 08 
　　　　39 00 00 00 
　　　　24 00 00 00 DB 00 00 00 04 00 12 00 
　　　　1E 00 01 00 
　　　　39 00 00 00 
　　　　02 00 10 00 
　　　　76 00 32 00 
　　　　8C 00 10 00 90 00 00 00 
　　　　2D 00 00 00 02 00 00 00 04 00 15 00 
　　　　2D 00 00 00 2D 00 00 00 05 00 14 00 
　　　　05 00 21 00 8D 00 10 00 91 00 00 00 
　　　　0D 00 00 00 63 0C 00 00 09 00 00 00 
　　　　24 00 00 00 DB 00 00 00 06 00 0F 00 39 00 00 00 
　　　　0B 00 00 00 00 00 00 00 

D7EE30　36 00 00 00 38 B9 D9 08 18 BA D9 08 38 B9 D9 08 18 BA D9 08 
　　　　0C 00 00 00 
　　　　47 00 00 00 07 00 00 00 2D AE 07 08 ：【07】軍師がいない
　　　　4E 00 00 00 05 00 00 00 ：【05】ヘクトル
　　　　55 00 00 00 07 00 00 00 20 00 00 00 ：【07】　
　　　　7A 00 04 00 
　　　　1E 00 20 00 
　　　　65 00 00 00 20 00 00 00 
　　　　76 00 07 00 
　　　　0D 00 00 00 64 0C 00 00 
　　　　43 00 00 00 06 00 00 00 ：【06】
　　　　42 00 00 00 05 00 00 00 ：【05】
　　　　55 00 00 00 07 00 00 00 36 00 00 00 ：【07】
　　　　7A 00 04 00 
　　　　1E 00 36 00 
　　　　65 00 00 00 36 00 00 00 
　　　　76 00 07 00 
　　　　0D 00 00 00 65 0C 00 00 
　　　　42 00 00 00 06 00 00 00 ：【06】
　　　　09 00 00 00 
　　　　02 00 3C 00 
　　　　42 00 00 00 07 00 00 00 ：【07】
　　　　4E 00 00 00 08 00 00 00 ：【08】
　　　　1D 00 10 11 
　　　　30 00 00 00 F8 C0 D9 08 
　　　　43 00 00 00 09 00 00 00 ：【09】
　　　　42 00 00 00 08 00 00 00 ：【08】
　　　　1D 00 11 04 
　　　　30 00 00 00 18 C1 D9 08 
　　　　42 00 00 00 09 00 00 00 ：【09】
　　　　39 00 00 00 
　　　　76 00 08 00 
　　　　0D 00 00 00 66 0C 00 00 09 00 00 00 
　　　　0A 00 00 00 00 00 00 00

D7EF28　7A 00 04 00 
　　　　1D 00 11 0E 
　　　　64 00 00 00 11 00 0E 00 
　　　　79 00 50 00 04 00 00 00 
　　　　8C 00 10 00 90 00 00 00 05 00 01 00 8D 00 10 00 91 00 00 00 
　　　　0D 00 00 00 67 0C 00 00 
　　　　7D 00 D9 02 
　　　　14 00 00 00 
　　　　09 00 00 00 
　　　　7A 00 06 00 
　　　　0A 00 00 00 00 00 00 00

D7EF74　77 00 43 00 
　　　　0D 00 00 00 6F 0C 00 00 09 00 00 00 
　　　　63 00 00 00 2C 00 00 00 00 00 00 00 
　　　　78 00 06 00 
　　　　0A 00 00 00 00 00 00 00

D7EF9C　77 00 43 00 
　　　　0D 00 00 00 70 0C 00 00 09 00 00 00 
　　　　63 00 00 00 2C 00 00 00 00 00 00 00 
　　　　78 00 06 00 
　　　　0A 00 00 00 00 00 00 00

D7EFC4　77 00 43 00 
　　　　0D 00 00 00 71 0C 00 00 09 00 00 00 
　　　　63 00 00 00 2C 00 00 00 00 00 00 00 
　　　　78 00 06 00 
　　　　0A 00 00 00 00 00 00 00

D7EFEC　77 00 43 00 
　　　　0D 00 00 00 72 0C 00 00 09 00 00 00 
　　　　63 00 00 00 2C 00 00 00 00 00 00 00 
　　　　78 00 06 00 
　　　　0A 00 00 00 00 00 00 00

D7F014　77 00 43 00 
　　　　0D 00 00 00 73 0C 00 00 09 00 00 00 
　　　　63 00 00 00 2C 00 00 00 00 00 00 00 
　　　　78 00 06 00 
　　　　0A 00 00 00 00 00 00 00

D7F03C　7B 00 00 00 
　　　　8C 00 10 00 90 00 00 00 05 00 01 00 8D 00 10 00 91 00 00 00 
　　　　4A 00 00 00 01 00 00 00 0B 00 00 00 
　　　　0D 00 00 00 6A 0C 00 00 
　　　　43 00 00 00 09 00 00 00 ：【09】
　　　　42 00 00 00 01 00 00 00 ：【01】
　　　　4A 00 00 00 02 00 00 00 0A 00 00 00 
　　　　0D 00 00 00 6B 0C 00 00 
　　　　43 00 00 00 09 00 00 00 ：【09】
　　　　42 00 00 00 02 00 00 00 ：【02】
　　　　0D 00 00 00 6C 0C 00 00 
　　　　42 00 00 00 09 00 00 00 ：【09】
　　　　09 00 00 00 
　　　　74 00 0A 00 
　　　　7C 00 00 00 
　　　　0A 00 00 00 00 00 00 00

D7F0C0　7B 00 00 00 
　　　　8C 00 10 00 90 00 00 00 05 00 01 00 8D 00 10 00 91 00 00 00 
　　　　0D 00 00 00 6D 0C 00 00 09 00 00 00 
　　　　7C 00 00 00 
　　　　0A 00 00 00 00 00 00 00

D7F0F0　7B 00 00 00 
　　　　8C 00 10 00 90 00 00 00 05 00 01 00 8D 00 10 00 91 00 00 00 
　　　　0D 00 00 00 6E 0C 00 00 09 00 00 00 
　　　　7C 00 00 00 
　　　　0A 00 00 00 00 00 00 00

D7F120　7B 00 00 00 
　　　　8C 00 10 00 90 00 00 00 05 00 02 00 8D 00 10 00 91 00 00 00 
　　　　0D 00 00 00 68 0C 00 00 09 00 00 00 
　　　　7C 00 00 00 
　　　　84 00 00 00 91 00 00 00 59 00 00 00 87 00 00 00 
　　　　0A 00 00 00 00 00 00 00

D7F160　7B 00 00 00 
　　　　8C 00 10 00 90 00 00 00 05 00 02 00 8D 00 10 00 91 00 00 00 
　　　　0D 00 00 00 69 0C 00 00 09 00 00 00 
　　　　7C 00 00 00 
　　　　84 00 00 00 91 00 00 00 59 00 00 00 50 00 00 00 
　　　　0A 00 00 00 00 00 00 00

D7F1A0　3C 00 00 00 39 E0 07 08 ： 不明
┗07E039　B5 08 20 FC F7 44 F8 09 20 FC F7 41 F8 07 20 FC 
　　　　　F7 3E F8 01 BC 00 47 00 ： 不明
　　　　3C 00 00 00 D1 A5 07 08 ： 不明
　　　　76 00 16 00 
　　　　02 00 40 00 
　　　　7B 00 00 00 
　　　　8C 00 04 00 90 00 00 00 
　　　　3C 00 00 00 2D B3 07 08 ： マップのユニットを消す
　　　　05 00 41 00 8D 00 04 00 91 00 00 00 
　　　　0D 00 00 00 78 0C 00 00 
　　　　11 00 00 00 79 0C 00 00 
　　　　7C 00 00 00 
　　　　7A 00 02 00 
　　　　8C 00 10 00 90 00 00 00 
　　　　1D 00 12 00 
　　　　05 00 25 00 8D 00 10 00 91 00 00 00 
　　　　76 00 38 00 
　　　　0D 00 00 00 7A 0C 00 00 
　　　　7A 00 02 00 
　　　　09 00 00 00 
　　　　02 00 10 00 
　　　　64 00 00 00 0D 00 01 00 
　　　　8C 00 10 00 90 00 00 00 05 00 25 00 8D 00 10 00 91 00 00 00 
　　　　0D 00 00 00 7B 0C 00 00 
　　　　49 00 00 00 0A 00 00 00 ：【0A】
　　　　76 00 52 00 
　　　　3D 00 00 00 35 CD 07 08 ： 不明
┗07CD35　B5 01 1C 02 48 87 F7 19 FB 01 BC 00 47 00 00 2C 
　　　　　FA D6 08 00 ： エーギルを抜く時の赤黒いもやの背景エフェクト
　　　　02 00 20 00 
　　　　E6 00 00 00 ： 色調変化の前に書く
　　　　7D 00 EE 02 ： SE
　　　　E5 00 00 00 FF FF FF FF 20 00 00 00 A0 01 02 08 ： 赤くする
　　　　E5 00 00 00 FF FF FF FF 20 00 00 00 00 01 04 10 ： 戻す
　　　　E5 00 00 00 FF FF FF FF 20 00 00 00 A0 01 02 08 ： 赤くする
　　　　E5 00 00 00 FF FF FF FF 20 00 00 00 00 01 04 10 ： 戻す
　　　　E7 00 00 00 
　　　　3D 00 00 00 61 CD 07 08 
┗07CD61　B5 04 48 87 F7 0E FC 01 21 87 F7 47 FC 01 BC 00 
　　　　　47 00 00 2C FA D6 08 00 ： 背景エフェクトをゆっくり消す
　　　　02 00 10 00 
　　　　3C 00 00 00 79 CD 07 08 ： 不明
┗07CD79　B5 03 48 87 F7 02 FC 87 F7 6E FB 01 BC 00 47 2C 
　　　　　FA D6 08 4C 30 00 21 01 80 70 47 70 ： 背景エフェクトを消す
　　　　11 00 00 00 7C 0C 00 00 
　　　　42 00 00 00 0A 00 00 00 ：【0A】
　　　　7A 00 06 00 
　　　　8C 00 04 00 90 00 00 00 
　　　　02 00 10 00 
　　　　3C 00 00 00 D1 B3 07 08 ： 会話シーンからマップに画面を移す
　　　　02 00 10 00 
　　　　8D 00 10 00 91 00 00 00 
　　　　1D 00 12 10 
　　　　02 00 10 00 
　　　　64 00 00 00 11 00 0E 00 
　　　　8C 00 10 00 90 00 00 00 05 00 01 00 8D 00 10 00 91 00 00 00 
　　　　76 00 50 00 
　　　　02 00 08 00 
　　　　7B 00 00 00 
　　　　0D 00 00 00 7D 0C 00 00 
　　　　7C 00 00 00 
　　　　09 00 00 00 
　　　　1D 00 12 00 
　　　　02 00 10 00 
　　　　64 00 00 00 0D 00 01 00 
　　　　76 00 50 00 
　　　　8C 00 10 00 90 00 00 00 05 00 21 00 8D 00 10 00 91 00 00 00 
　　　　0D 00 00 00 7E 0C 00 00 
　　　　7A 00 06 00 
　　　　CC 00 00 00 CC F3 D7 08 98 00 00 00 ： ベルン王妃のイベントへ
┗D7F3CC　8C 00 04 00 90 00 00 00 
　　　　　02 00 40 00 
　　　　　02 00 20 00 
　　　　　76 00 23 00 
　　　　　02 00 40 00 
　　　　　05 00 14 00 8D 00 04 00 91 00 00 00 
　　　　　DA 00 00 00 E7 05 00 00 8C 00 0C 00 
　　　　　02 00 64 00 
　　　　　DB 00 00 00 
　　　　　0D 00 00 00 7F 0C 00 00 
　　　　　8C 00 10 00 90 00 00 00 
　　　　　02 00 20 00 
　　　　　05 00 14 00 8D 00 10 00 91 00 00 00 
　　　　　0D 00 00 00 80 0C 00 00 
　　　　　7A 00 04 00 
　　　　　02 00 32 00 
　　　　　76 00 24 00 
　　　　　11 00 00 00 81 0C 00 00 
　　　　　7A 00 06 00 
　　　　　8C 00 04 00 90 00 00 00 
　　　　　02 00 80 00 
　　　　　76 00 A9 03 
　　　　　05 00 05 00 8D 00 04 00 91 00 00 00 
　　　　　0D 00 00 00 82 0C 00 00 
　　　　　0A 00 00 00 00 00 00 00　
　　　　CC 00 00 00 C8 91 D8 08 98 00 00 00 ： 負傷イベント
　　　　8C 00 04 00 90 00 00 00 05 00 5B 00 
　　　　74 00 6F 00 
　　　　4E 00 00 00 30 00 00 00 ：【30】
　　　　7F 00 22 00 ： 
　　　　02 00 01 00 01 00 00 00 
　　　　43 00 00 00 31 00 00 00 ：【31】
　　　　42 00 00 00 30 00 00 00 ：【30】
　　　　7F 00 21 00 
　　　　02 00 01 00 01 00 00 00 
　　　　42 00 00 00 31 00 00 00 ：【31】 
　　　　0A 00 00 00 00 00 00 00

■この章で使われたフラグ
