※作業の高速化のため表記を省略しています。

２５章　狂える獣

離脱ポイントX: Y:

■ワールドマップシーン

■イベント条件群

−ターン条件−
D6C5D0　02 00 00 00 B0 FF D7 08 01 00 00 00 00 00 00 00 ： 章開始イベント
　　　　02 00 00 00 40 00 D8 08 05 00 00 00 00 00 00 00 ： ファリナ登場
　　　　02 00 20 00 C4 00 D8 08 01 63 00 00 00 00 00 00 ： 増援？
　　　　02 00 21 00 68 01 D8 08 01 63 00 00 00 00 00 00 ： 増援？
　　　　02 00 22 00 0C 02 D8 08 01 63 00 00 00 00 00 00 ： 増援？
　　　　01 00 0B 00 14 00 D8 08 07 00 00 00 ： ファリナ友軍化
　　　　01 00 0D 00 28 00 D8 08 0C 00 00 00 ： ファリナ加入
　　　　02 00 00 00 7C DE D9 08 05 07 00 00 02 00 00 00 
　　　　02 00 00 00 A4 DE D9 08 09 0C 00 00 02 00 00 00 
　　　　02 00 00 00 CC DE D9 08 02 05 00 00 02 00 00 00 
　　　　02 00 00 00 08 DF D9 08 02 03 00 00 02 00 00 00 
　　　　02 00 00 00 7C DE D9 08 05 07 00 00 05 00 00 00 
　　　　02 00 00 00 A4 DE D9 08 09 0C 00 00 05 00 00 00 
　　　　02 00 00 00 CC DE D9 08 02 05 00 00 05 00 00 00 
　　　　02 00 00 00 08 DF D9 08 02 03 00 00 05 00 00 00 
　　　　00 00 00 00 ： ターン条件終わり
−会話条件−
D6C6BC　03 00 07 00 78 04 D8 08 1F 02 00 00 00 00 00 00 ： ファリナからヘクトルへ
　　　　04 00 08 00 60 05 D8 08 02 1F 00 00 A1 E0 07 08 ： ヘクトルからファリナ(二回目)
　　　　03 00 09 00 30 06 D8 08 31 1F 00 00 03 00 0D 00 
　　　　03 00 09 00 30 06 D8 08 1F 31 00 00 03 00 0D 00 
　　　　03 00 0A 00 4C 06 D8 08 1E 1F 00 00 03 00 0D 00 
　　　　03 00 0A 00 4C 06 D8 08 1F 1E 00 00 03 00 0D 00 
　　　　00 00 00 00 ： 会話条件終わり
−オブジェクト指定−
D6C720  06 00 0E 00 68 06 D8 08 16 09 0E 00 05 00 0E 00 01 00 00 00 16 08 1D 00 
　　　　0A 00 00 00 4E F3 D6 08 16 0F 13 00 
　　　　0A 00 00 00 58 F3 D6 08 15 0F 14 00 
　　　　00 00 00 00 ： オブジェクト指定終わり
−常時条件＆範囲条件−
D6C754  01 00 00 00 1C F7 D6 08 65 00 00 00 ： ゲームオーバー
　　　　0B 00 0F 00 64 00 D8 08 10 00 18 0B ： OFをオンにするイベント。増援関連？
　　　　0B 00 13 00 84 00 D8 08 00 00 0A 0A ： 13をオンにするイベント。増援関連？
　　　　0B 00 17 00 A4 00 D8 08 00 0D 08 14 ： 17をオンにするイベント。増援関連？
　　　　0B 00 1B 00 DC 03 D8 08 04 03 04 03 ： 城
　　　　0B 00 1C 00 10 04 D8 08 02 11 02 11 ： 城
　　　　0B 00 1D 00 44 04 D8 08 15 04 15 04 ： 城
　　　　00 00 00 00 ： 常時条件＆範囲条件終わり

−アドレス群−
D6C7AC　D0 C5 D6 08 ： ターン条件へ
　　　　BC C6 D6 08 ： 会話条件へ
　　　　20 C7 D6 08 ： オブジェクト指定へ
　　　　54 C7 D6 08 ： 常時条件＆範囲条件へ
　　　　8D F4 D6 08 ： アーチの配置(エリウッド編)
　　　　21 F6 D6 08 ： アーチの配置(ヘクトル編)
　　　　E0 D6 D9 08 ： 敵軍初期配置(エリウッド編ノーマル)
　　　　E0 D6 D9 08 ： 敵軍初期配置(エリウッド編ハード)
　　　　E0 D6 D9 08 ： 敵軍初期配置(ヘクトル編ノーマル)
　　　　E0 D6 D9 08 ： 敵軍初期配置(ヘクトル編ハード)
　　　　40 D5 D9 08 ： 自軍初期配置(エリウッド編ノーマル)
　　　　20 D6 D9 08 ： 自軍初期配置(エリウッド編ハード)
　　　　40 D5 D9 08 ： 自軍初期配置(ヘクトル編ノーマル)
　　　　20 D6 D9 08 ： 自軍初期配置(ヘクトル編ハード)
　　　　88 FE D7 08 ： 開始イベント
　　　　A8 06 D8 08 ： 終了イベント
               
■イベント内容

D7FE88　3B 00 00 00 
　　　　0C 00 00 00 
　　　　02 00 10 00 
　　　　64 00 00 00 04 00 03 00 
　　　　8C 00 10 00 90 00 00 00 05 00 1B 00 8D 00 10 00 91 00 00 00 
　　　　0D 00 00 00 A5 0C 00 00 
　　　　3C 00 00 00 BD EB 00 08 ： 会話シーンの顔グラと吹き出しを消す
　　　　02 00 00 00 
　　　　0D 00 00 00 A6 0C 00 00 09 00 00 00 
　　　　7A 00 04 00 
　　　　1D 00 10 11 
　　　　02 00 08 00 
　　　　30 00 00 00 80 DD D9 08 39 00 00 00 
　　　　58 00 01 00 2D AE 07 08 
　　　　37 00 00 00 CD 00 51 00 11 00 14 00 
　　　　25 00 00 00 01 00 00 00 0B 00 0E 00 10 00 00 00 
　　　　25 00 00 00 02 00 00 00 0C 00 0F 00 10 00 00 00 
　　　　25 00 00 00 2D 00 00 00 0B 00 10 00 10 00 00 00 
　　　　58 00 01 00 2D AE 07 08 
　　　　25 00 00 00 CD 00 00 00 0E 00 0F 00 10 00 00 00 
　　　　39 00 00 00 
　　　　76 00 AC 03 
　　　　0D 00 00 00 A7 0C 00 00 
　　　　7A 00 01 00 
　　　　14 00 00 00 
　　　　09 00 00 00 
　　　　76 00 32 00 
　　　　3A 00 00 00 
　　　　30 00 00 00 E0 D6 D9 08 39 00 00 00 
　　　　3B 00 00 00 
　　　　1D 00 00 00 
　　　　65 00 00 00 57 00 00 00 
　　　　0D 00 00 00 A8 0C 00 00 09 00 00 00 
　　　　1D 00 10 11 
　　　　65 00 00 00 02 00 00 00 
　　　　0D 00 00 00 A9 0C 00 00 09 00 00 00 
　　　　0B 00 00 00 00 00 00 00

D7FFB0　34 00 00 00 40 D5 D9 08 
　　　　39 00 00 00 
　　　　0C 00 00 00 
　　　　47 00 00 00 07 00 00 00 2D AE 07 08 ：【07】軍師
　　　　55 00 00 00 07 00 00 00 1E 00 00 00 ：【07】
　　　　55 00 00 00 07 00 00 00 31 00 00 00 ：【07】
　　　　7A 00 04 00 
　　　　1E 00 31 00 
　　　　65 00 00 00 31 00 00 00 
　　　　76 00 0A 00 
　　　　0D 00 00 00 AA 0C 00 00 09 00 00 00 
　　　　42 00 00 00 07 00 00 00 ：【07】
　　　　0A 00 00 00 00 00 00 00

D80014　72 00 00 00 1F 00 00 00 03 03 00 00 ： ファリナの行動アルゴリズム変更
　　　　0A 00 00 00 00 00 00 00 

D80028　63 00 00 00 1F 00 00 00 00 00 00 00 ： ファリナの所属変更
　　　　74 00 0D 00 
　　　　0A 00 00 00 00 00 00 00

D80040　30 00 00 00 10 DB D9 08 39 00 00 00 ： ファリナ
　　　　76 00 08 00 
　　　　0D 00 00 00 AC 0C 00 00 09 00 00 00 
　　　　0A 00 00 00 00 00 00 00

D80064　46 00 00 00 09 00 00 00 65 AD 07 08 ：【09】不明。満たした場合飛ぶ
　　　　75 00 0F 00 ： 0Fをオフ
　　　　42 00 00 00 09 00 00 00 ：【09】
　　　　0A 00 00 00 00 00 00 00

D80084　46 00 00 00 09 00 00 00 65 AD 07 08 ：【09】不明。満たした場合飛ぶ
　　　　75 00 13 00 
　　　　42 00 00 00 09 00 00 00 ：【09】
　　　　0A 00 00 00 00 00 00 00

D800A4　46 00 00 00 09 00 00 00 65 AD 07 08 ：【09】不明。満たした場合飛ぶ
　　　　75 00 17 00 
　　　　42 00 00 00 09 00 00 00 ：【09】
　　　　0A 00 00 00 00 00 00 00

D800C4　4B 00 00 00 05 00 00 00 0F 00 00 00 ：【05】フラグ0Fがオフ
　　　　30 00 00 00 00 DD D9 08 39 00 00 00 
　　　　32 00 00 00 03 00 01 00 30 DD D9 08 ： ヘクハー限定ユニットの呼び出し
　　　　4B 00 00 00 01 00 00 00 10 00 00 00 ：【01】フラグ10がオフ
　　　　4B 00 00 00 02 00 00 00 11 00 00 00 ：【11】フラグ11がオフ
　　　　4B 00 00 00 03 00 00 00 12 00 00 00 ：【12】フラグ12がオフ
　　　　43 00 00 00 09 00 00 00 ：【09】
　　　　42 00 00 00 01 00 00 00 ：【01】
　　　　74 00 10 00 
　　　　43 00 00 00 05 00 00 00 ：【05】
　　　　42 00 00 00 02 00 00 00 ：【02】
　　　　75 00 10 00 
　　　　74 00 11 00 
　　　　43 00 00 00 05 00 00 00 ：【05】
　　　　42 00 00 00 03 00 00 00 ：【03】
　　　　74 00 12 00 
　　　　42 00 00 00 05 00 00 00 ：【05】
　　　　75 00 20 00 
　　　　42 00 00 00 09 00 00 00 ：【09】
　　　　0A 00 00 00 00 00 00 00

D80168　4B 00 00 00 05 00 00 00 13 00 00 00 ：【05】フラグ13がオフ
　　　　30 00 00 00 30 DB D9 08 39 00 00 00 
　　　　32 00 00 00 03 00 01 00 70 DB D9 08 
　　　　4B 00 00 00 01 00 00 00 14 00 00 00 ：【01】フラグ14がオフ
　　　　4B 00 00 00 02 00 00 00 15 00 00 00 ：【02】フラグ15がオフ
　　　　4B 00 00 00 03 00 00 00 16 00 00 00 ：【03】フラグ16がオフ
　　　　43 00 00 00 09 00 00 00 ：【09】
　　　　42 00 00 00 01 00 00 00 ：【01】
　　　　74 00 14 00 
　　　　43 00 00 00 05 00 00 00 ：【05】
　　　　42 00 00 00 02 00 00 00 ：【02】
　　　　75 00 14 00 
　　　　74 00 15 00 
　　　　43 00 00 00 05 00 00 00 ：【05】
　　　　42 00 00 00 03 00 00 00 ：【03】
　　　　74 00 16 00 
　　　　42 00 00 00 05 00 00 00 ：【05】
　　　　75 00 21 00 
　　　　42 00 00 00 09 00 00 00 ：【09】
　　　　0A 00 00 00 00 00 00 00

D8020C　4B 00 00 00 05 00 00 00 17 00 00 00 ：【05】フラグ17がオフ
　　　　30 00 00 00 A0 DB D9 08 39 00 00 00 
　　　　32 00 00 00 03 00 01 00 E0 DB D9 08 
　　　　4B 00 00 00 01 00 00 00 18 00 00 00 ：【01】フラグ18がオフ
　　　　4B 00 00 00 02 00 00 00 19 00 00 00 ：【02】フラグ19がオフ
　　　　4B 00 00 00 03 00 00 00 1A 00 00 00 ：【03】フラグ1Aがオフ
　　　　43 00 00 00 05 00 00 00 ：【05】
　　　　42 00 00 00 01 00 00 00 ：【01】
　　　　74 00 18 00 
　　　　43 00 00 00 09 00 00 00 ：【09】
　　　　42 00 00 00 02 00 00 00 ：【02】
　　　　75 00 18 00 
　　　　74 00 19 00 
　　　　43 00 00 00 05 00 00 00 ：【05】
　　　　42 00 00 00 03 00 00 00 ：【03】
　　　　74 00 1A 00 
　　　　42 00 00 00 05 00 00 00 ：【05】
　　　　75 00 22 00 
　　　　42 00 00 00 09 00 00 00 ：【09】
　　　　0A 00 00 00 00 00 00 00

D802BC　BC 0C 00 00 
　　　　BD 0C 00 00 
　　　　BE 0C 00 00 
　　　　BF 0C 00 00 
　　　　C0 0C 00 00 
　　　　C1 0C 00 00 
　　　　C2 0C 00 00 
　　　　C3 0C 00 00 
　　　　C4 0C 00 00 
　　　　C5 0C 00 00 
　　　　C6 0C 00 00 
　　　　C7 0C 00 00 
　　　　C8 0C 00 00 
　　　　C9 0C 00 00 
　　　　CA 0C 00 00 
　　　　CB 0C 00 00 
　　　　CC 0C 00 00 
　　　　CD 0C 00 00 
　　　　CE 0C 00 00 
　　　　CF 0C 00 00 
　　　　D0 0C 00 00 
　　　　D1 0C 00 00 
　　　　D2 0C 00 00 
　　　　D3 0C 00 00 
　　　　D4 0C 00 00 
　　　　D5 0C 00 00 
　　　　D6 0C 00 00 
　　　　D7 0C 00 00 
　　　　D8 0C 00 00
　　　　D9 0C 00 00 
　　　　DA 0C 00 00 
　　　　DB 0C 00 00 
　　　　DC 0C 00 00 
　　　　DD 0C 00 00 
　　　　DE 0C 00 00 
　　　　DF 0C 00 00 
　　　　E0 0C 00 00 
　　　　E1 0C 00 00 
　　　　E2 0C 00 00 
　　　　E3 0C 00 00 
　　　　E4 0C 00 00 
　　　　E5 0C 00 00

D80358　7B 00 00 00 
　　　　4A 00 00 00 02 00 00 00 1E 00 00 00 ：【02】1Eがオン
　　　　15 00 00 00 B0 02 D8 08 ： 各キャラの会話
　　　　09 00 00 00 
　　　　74 00 1E 00 
　　　　43 00 00 00 09 00 00 00 ：【09】
　　　　42 00 00 00 02 00 00 00 ：【02】
　　　　4A 00 00 00 03 00 00 00 1F 00 00 00 ：【03】1Fがオン
　　　　15 00 00 00 E8 02 D8 08 ： 各キャラの会話
　　　　09 00 00 00 
　　　　74 00 1F 00 
　　　　43 00 00 00 09 00 00 00 ：【09】
　　　　42 00 00 00 03 00 00 00 ：【03】
　　　　15 00 00 00 20 03 D8 08 ： 各キャラの会話
　　　　09 00 00 00 
　　　　56 00 00 00 A8 06 D8 08 ： 勝利イベントへ
　　　　42 00 00 00 09 00 00 00 ：【09】
　　　　7C 00 00 00 
　　　　0A 00 00 00 00 00 00 00

D803DC　46 00 00 00 09 00 00 00 A9 AE 07 08 ：【09】満たした場合飛ぶ
┗07AEA9　B5 05 48 00 68 9D F7 D7 FF 00 21 00 28 00 D1 01 
　　　　　21 08 1C 02 BC 08 47 B0 45 00 03 00 20 70 47 00 ： 不明
　　　　47 00 00 00 09 00 00 00 65 AD 07 08 ：【09】不明。満たさない場合飛ぶ
　　　　56 00 00 00 58 03 D8 08 ： D80358へ
　　　　42 00 00 00 09 00 00 00 ：【09】
　　　　75 00 1B 00 
　　　　0A 00 00 00 00 00 00 00

D80410　46 00 00 00 09 00 00 00 A9 AE 07 08 ：【09】
　　　　47 00 00 00 09 00 00 00 65 AD 07 08 ：【09】
　　　　56 00 00 00 58 03 D8 08 ： D80358へ
　　　　42 00 00 00 09 00 00 00 ：【09】
　　　　75 00 1C 00 
　　　　0A 00 00 00 00 00 00 00

D80444　46 00 00 00 09 00 00 00 A9 AE 07 08 ：【09】
　　　　47 00 00 00 09 00 00 00 65 AD 07 08 ：【09】
　　　　56 00 00 00 58 03 D8 08 ： D80358へ
　　　　42 00 00 00 09 00 00 00 ：【09】
　　　　75 00 1D 00 
　　　　0A 00 00 00 00 00 00 00

D80478　85 00 00 00 
　　　　7B 00 00 00 
　　　　0D 00 00 00 AD 0C 00 00 ： 会話(ファリナとヘクトル)
　　　　72 00 00 00 1F 00 00 00 03 03 00 00 
　　　　47 00 00 00 03 00 00 00 75 E0 07 08 ：【03】
　　　　1B 00 00 00 2D AE 07 08 AF 0C 00 00 AE 0C 00 00 ： 会話(ヘクトル悩む)
　　　　1C 00 00 00 
　　　　02 00 3C 00 
　　　　50 00 00 00 04 00 00 00 ： いいえ【04】
　　　　43 00 00 00 05 00 00 00 ：【05】
　　　　42 00 00 00 03 00 00 00 ：【03】
　　　　11 00 00 00 B1 0C 00 00 09 00 00 00 ： 会話(２万ゴールド無い)
　　　　43 00 00 00 09 00 00 00 ：【09】
　　　　42 00 00 00 04 00 00 00 ：【04】
　　　　58 00 01 00 2D AE 07 08 
　　　　11 00 00 00 B0 0C 00 00 ： 会話(メッセージ無し)
　　　　11 00 00 00 B2 0C 00 00 09 00 00 00 ： 会話(断る)
　　　　43 00 00 00 09 00 00 00 ：【09】
　　　　42 00 00 00 05 00 00 00 ：【05】
　　　　58 00 01 00 2D AE 07 08 
　　　　11 00 00 00 B0 0C 00 00 ： 会話(メッセージ無し)
　　　　77 00 42 00 
　　　　11 00 00 00 B5 0C 00 00 ： 会話(２万ゴールド払う)
　　　　78 00 06 00 
　　　　09 00 00 00 
　　　　74 00 0C 00 
　　　　3C 00 00 00 91 E0 07 08 ： 不明
┗07E091　B5 02 48 FC F7 12 FB 01 BC 00 47 20 4E 00 00 00 ： 不明
　　　　42 00 00 00 09 00 00 00 ：【09】
　　　　7C 00 00 00 
　　　　87 00 00 00 
　　　　0A 00 00 00 00 00 00 00

D80560　85 00 00 00 
　　　　7B 00 00 00 
　　　　0D 00 00 00 B3 0C 00 00 ： 会話(一度断ってもう一度話しかける場合)
　　　　47 00 00 00 04 00 00 00 75 E0 07 08 ：【04】
　　　　1B 00 00 00 2D AE 07 08 AF 0C 00 00 B4 0C 00 00 ： 会話(悩む)
　　　　50 00 00 00 04 00 00 00 ： いいえ【04】
　　　　58 00 01 00 2D AE 07 08 
　　　　11 00 00 00 B0 0C 00 00 ： 会話(メッセージ無し)
　　　　76 00 42 00 
　　　　11 00 00 00 B5 0C 00 00 09 00 00 00 ： 会話(２万ゴールド払う)
　　　　74 00 0D 00 
　　　　63 00 00 00 1F 00 00 00 00 00 00 00 
　　　　3C 00 00 00 91 E0 07 08 ： 不明
　　　　43 00 00 00 09 00 00 00 ：【09】
　　　　42 00 00 00 04 00 00 00 ：【04】
　　　　58 00 01 00 2D AE 07 08 
　　　　11 00 00 00 B0 0C 00 00 ： 会話(メッセージ無し)
　　　　11 00 00 00 B6 0C 00 00 09 00 00 00 ： 会話(さらに断る場合)
　　　　3B 00 00 00 
　　　　24 00 00 00 1F 00 00 00 19 00 14 00 
　　　　02 00 80 00 
　　　　69 00 00 00 1F 00 00 00 ： ファリナを消す
　　　　3A 00 00 00 
　　　　42 00 00 00 09 00 00 00 ：【09】
　　　　7C 00 00 00 
　　　　87 00 00 00 
　　　　0A 00 00 00 00 00 00 00 

D80630　7B 00 00 00 
　　　　0D 00 00 00 B7 0C 00 00 09 00 00 00 ： 会話(フロリーナとファリナ)
　　　　7C 00 00 00 
　　　　0A 00 00 00 00 00 00 00

D8064C　7B 00 00 00 
　　　　0D 00 00 00 B8 0C 00 00 09 00 00 00 ： 会話(フィオーラとファリナ)
　　　　7C 00 00 00 
　　　　0A 00 00 00 00 00 00 00

D80668　7B 00 00 00 
　　　　8C 00 10 00 90 00 00 00 05 00 02 00 8D 00 10 00 91 00 00 00 
　　　　0D 00 00 00 AB 0C 00 00 09 00 00 00 ： 会話(村訪問)
　　　　7C 00 00 00 
　　　　84 00 00 00 91 00 00 00 59 00 00 00 66 00 00 00 
　　　　0A 00 00 00 00 00 00 00

D806A8　3C 00 00 00 C5 E0 07 08 ： 不明
┗07E0C5　B5 0E 20 FB F7 FE FF FC F7 C6 FC 01 BC 00 47 F0
　　　　3C 00 00 00 D1 A5 07 08 ： いつもの
　　　　76 00 38 00 
　　　　02 00 40 00 
　　　　8C 00 04 00 90 00 00 00 
　　　　3C 00 00 00 DD B2 07 08 ： いつもの
　　　　05 00 1C 00 8D 00 04 00 91 00 00 00 
　　　　0D 00 00 00 E8 0C 00 00 
　　　　CC 00 00 00 C8 91 D8 08 98 00 00 00 ： 負傷イベント
　　　　8C 00 04 00 90 00 00 00 05 00 5B 00 
　　　　7F 00 22 00 
　　　　02 00 01 00 01 00 00 00 
　　　　0A 00 00 00 00 00 00 00

■この章で使われたフラグ
