※作業の高速化のため表記を省略しています。

２６章　闇の白い花(ジュルメ)　ここから未検証

離脱ポイントX: Y:

■ワールドマップシーン

■イベント条件群

−ターン条件−
D6C9B0　02 00 00 00 00 15 D8 08 01 00 00 00 00 00 00 00 
　　　　02 00 00 00 98 17 D8 08 04 00 00 00 00 00 00 00 
　　　　02 00 00 00 E0 17 D8 08 05 00 00 00 00 00 00 00 
　　　　02 00 00 00 BC 17 D8 08 09 00 00 00 00 00 00 00 
　　　　02 00 00 00 EC 17 D8 08 0A 00 00 00 00 00 00 00 
　　　　02 00 00 00 E0 17 D8 08 0F 00 00 00 00 00 00 00 
　　　　02 00 00 00 EC 17 D8 08 14 00 00 00 00 00 00 00 
　　　　02 00 00 00 E0 17 D8 08 19 00 00 00 00 00 00 00 
　　　　02 00 00 00 EC 17 D8 08 1E 00 00 00 00 00 00 00 
　　　　02 00 00 00 E8 15 D8 08 0A 00 00 00 00 00 00 00 
　　　　02 00 00 00 10 10 DA 08 07 00 00 00 01 00 00 00 
　　　　02 00 00 00 60 10 DA 08 09 00 00 00 01 00 00 00 
　　　　02 00 00 00 88 10 DA 08 05 00 00 00 01 00 00 00 
　　　　02 00 00 00 D8 10 DA 08 07 00 00 00 01 00 00 00 
　　　　02 00 00 00 00 11 DA 08 07 00 00 00 01 00 00 00 
　　　　02 00 00 00 14 11 DA 08 03 04 00 00 01 00 00 00 
　　　　02 00 00 00 28 11 DA 08 09 00 00 00 01 00 00 00 
　　　　02 00 00 00 24 10 DA 08 07 00 00 00 02 00 00 00 
　　　　02 00 00 00 74 10 DA 08 09 00 00 00 02 00 00 00 
　　　　02 00 00 00 9C 10 DA 08 05 00 00 00 02 00 00 00 
　　　　02 00 00 00 EC 10 DA 08 07 00 00 00 02 00 00 00 
　　　　02 00 00 00 28 11 DA 08 05 00 00 00 02 00 00 00 
　　　　02 00 00 00 00 11 DA 08 07 00 00 00 02 00 00 00 
　　　　02 00 00 00 14 11 DA 08 03 04 00 00 02 00 00 00 
　　　　02 00 00 00 28 11 DA 08 09 00 00 00 02 00 00 00 
　　　　02 00 00 00 00 11 DA 08 06 07 00 00 05 00 00 00 
　　　　02 00 00 00 14 11 DA 08 02 04 00 00 05 00 00 00 
　　　　02 00 00 00 28 11 DA 08 08 09 00 00 05 00 00 00 
　　　　02 00 00 00 10 10 DA 08 06 07 00 00 03 00 00 00 
　　　　02 00 00 00 60 10 DA 08 08 09 00 00 03 00 00 00 
　　　　02 00 00 00 88 10 DA 08 04 05 00 00 03 00 00 00 
　　　　02 00 00 00 D8 10 DA 08 06 07 00 00 03 00 00 00 
　　　　02 00 00 00 28 11 DA 08 04 05 00 00 04 00 00 00 　　　　
　　　　02 00 00 00 9C 10 DA 08 04 05 00 00 04 00 00 00 
　　　　02 00 00 00 14 11 DA 08 05 00 00 00 04 00 00 00 
　　　　02 00 00 00 B0 10 DA 08 06 00 00 00 04 00 00 00 
　　　　02 00 00 00 24 10 DA 08 06 07 00 00 04 00 00 00 
　　　　02 00 00 00 EC 10 DA 08 06 07 00 00 04 00 00 00 
　　　　02 00 00 00 38 10 DA 08 08 00 00 00 04 00 00 00 
　　　　02 00 00 00 00 11 DA 08 08 00 00 00 04 00 00 00 
　　　　02 00 00 00 74 10 DA 08 08 09 00 00 04 00 00 00 
　　　　00 00 00 00 ： ターン条件終わり
−会話条件−
D6CC44　03 00 07 00 54 16 D8 08 01 07 00 00 01 00 00 00 
　　　　03 00 07 00 54 16 D8 08 02 07 00 00 02 00 00 00 
　　　　03 00 07 00 80 16 D8 08 2D 07 00 00 00 00 00 00 
　　　　03 00 08 00 A8 16 D8 08 01 38 00 00 00 00 00 00 
　　　　03 00 08 00 D0 16 D8 08 02 38 00 00 00 00 00 00 
　　　　03 00 08 00 F8 16 D8 08 0B 38 00 00 00 00 00 00 
　　　　03 00 08 00 20 17 D8 08 19 38 00 00 00 00 00 00 
　　　　03 00 08 00 48 17 D8 08 1A 38 00 00 00 00 00 00 
　　　　03 00 08 00 70 17 D8 08 34 38 00 00 00 00 00 00 
　　　　00 00 00 00 ： 会話条件終わり
−オブジェクト指定−
D6CCD8　07 00 0C 00 67 00 00 00 0E 03 12 00 
　　　　07 00 0D 00 74 00 00 00 0F 04 12 00 
　　　　07 00 0E 00 60 00 00 00 10 05 12 00 
　　　　08 00 00 00 01 00 00 00 0F 15 10 00 
　　　　08 00 00 00 01 00 00 00 10 15 10 00 
　　　　08 00 00 00 01 00 00 00 0F 06 10 00 
　　　　08 00 00 00 01 00 00 00 0D 0B 10 00 
　　　　05 00 03 00 01 00 00 00 15 04 0F 00 
　　　　00 00 00 00 ： オブジェクト指定終わり
−常時条件＆範囲条件−
D6CD3C　01 00 00 00 1C F7 D6 08 65 00 00 00 
　　　　00 00 00 00 ： 常時条件＆範囲条件終わり

−アドレス群−
D6CD4C　B0 C9 D6 08 ： ターン条件へ
　　　　44 CC D6 08 ： 会話条件へ
　　　　D8 CC D6 08 ： オブジェクト指定へ
　　　　3C CD D6 08 ： 常時条件＆範囲条件へ
　　　　8F F4 D6 08 ： アーチの配置(エリウッド編)
　　　　53 F6 D6 08 ： アーチの配置(ヘクトル編)
　　　　88 02 DA 08 ： 敵軍初期配置(エリウッド編ノーマル)
　　　　B8 05 DA 08 ： 敵軍初期配置(エリウッド編ハード)
　　　　28 04 DA 08  ： 敵軍初期配置(ヘクトル編ノーマル)
　　　　E8 07 DA 08 ： 敵軍初期配置(ヘクトル編ハード)
　　　　D8 00 DA 08 ： 自軍初期配置(エリウッド編ノーマル)
　　　　B8 01 DA 08 ： 自軍初期配置(エリウッド編ハード)
　　　　D8 00 DA 08 ： 自軍初期配置(ヘクトル編ノーマル)
　　　　B8 01 DA 08 ： 自軍初期配置(ヘクトル編ハード)
　　　　C8 0F D8 08 ： 開始イベント
　　　　F8 17 D8 08 ： 終了イベント
              
■イベント内容
D80FC8　3B 00 00 00 
　　　　30 00 00 00 38 0D DA 08 39 00 00 00 
　　　　58 00 01 00 2D AE 07 08 
　　　　37 00 00 00 
　　　　CD 00 51 00 
　　　　02 00 15 00 
　　　　39 00 00 00 
　　　　4A 00 00 00 01 00 00 00 89 00 00 00 ：【01】
　　　　8C 00 10 00 90 00 00 00 05 00 3D 00 8D 00 04 00 91 00 00 00 
　　　　0D 00 00 00 0A 0D 00 00 
　　　　42 00 00 00 01 00 00 00 ：【01】
　　　　7A 00 04 00 
　　　　8C 00 04 00 90 00 00 00 
　　　　02 00 20 00 
　　　　05 00 37 00 
　　　　76 00 A6 03 
　　　　8D 00 04 00 91 00 00 00 
　　　　19 00 00 00 89 00 00 00 0C 0D 00 00 0B 0D 00 00 
　　　　1E 00 01 00 
　　　　09 00 00 00 
　　　　02 00 3C 00 
　　　　0D 00 00 00 0D 0D 00 00 09 00 00 00 
　　　　8C 00 04 00 90 00 00 00 
　　　　02 00 1E 00 
　　　　3C 00 00 00 2D B3 07 08 ： 不明
　　　　82 00 00 00 
　　　　3C 00 00 00 00 00 00 00 00 00 00 00 
　　　　30 00 00 00 48 0E DA 08 39 00 00 00 
　　　　1D 00 0E 0A 
　　　　02 00 40 00 
　　　　8D 00 04 00 91 00 00 00 
　　　　02 00 40 00 
　　　　3A 00 00 00 
　　　　30 00 00 00 A8 0D DA 08 
　　　　58 00 01 00 2D AE 07 08 
　　　　30 00 00 00 E8 0D DA 08 
　　　　39 00 00 00 
　　　　1E 00 2D 00 
　　　　25 00 00 00 2D 00 00 00 06 00 09 00 10 00 00 00 
　　　　25 00 00 00 01 00 00 00 06 00 0A 00 0E 00 00 00 
　　　　25 00 00 00 02 00 00 00 07 00 09 00 0E 00 00 00 
　　　　58 00 01 00 2D AE 07 08 
　　　　25 00 00 00 CD 00 00 00 05 00 09 00 0E 00 00 00 
　　　　39 00 00 00 
　　　　65 00 00 00 5B 00 00 00 
　　　　79 00 50 00 
　　　　04 00 00 00 
　　　　8C 00 10 00 90 00 00 00 05 00 3D 00 8D 00 10 00 91 00 00 00 
　　　　69 00 00 00 84 00 00 00 
　　　　0D 00 00 00 0E 0D 00 00 09 00 00 00 
　　　　E8 00 00 00 A8 C3 D7 08 50 00 20 00 7D 00 F6 02 ： アサシンワープ
　　　　02 00 14 00 
　　　　30 00 00 00 88 0E DA 08 39 00 00 00 
　　　　E9 00 00 00 
　　　　0D 00 00 00 0F 0D 00 00 09 00 00 00 
　　　　02 00 20 00 
　　　　1E 00 01 00 
　　　　02 00 00 00 
　　　　65 00 00 00 01 00 00 00 
　　　　02 00 20 00 
　　　　7B 00 00 00 
　　　　0D 00 00 00 10 0D 00 00 09 00 00 00 
　　　　7C 00 00 00 
　　　　1E 00 14 00 
　　　　65 00 00 00 14 00 00 00 
　　　　02 00 20 00 
　　　　8C 00 10 00 90 00 00 00 05 00 3D 00 8D 00 10 00 91 00 00 00 
　　　　0D 00 00 00 11 0D 00 00 09 00 00 00 
　　　　25 00 00 00 5B 00 00 00 0B 00 03 00 0E 00 00 00 
　　　　25 00 00 00 14 00 00 00 0A 00 04 00 0E 00 00 00 
　　　　39 00 00 00 
　　　　25 00 00 00 24 00 00 00 08 00 03 00 30 00 00 00 
　　　　39 00 00 00 
　　　　02 00 40 00 
　　　　30 00 00 00 A8 0E DA 08 39 00 00 00 
　　　　25 00 00 00 2D 00 00 00 07 00 09 00 0E 00 00 00 
　　　　25 00 00 00 01 00 00 00 08 00 0A 00 0E 00 00 00 
　　　　25 00 00 00 02 00 00 00 08 00 09 00 0E 00 00 00 　　　　
　　　　58 00 01 00 2D AE 07 08 
　　　　25 00 00 00 CD 00 00 00 06 00 0A 00 0E 00 00 00 
　　　　39 00 00 00 
　　　　0D 00 00 00 12 0D 00 00 09 00 00 00 
　　　　7A 00 04 00 
　　　　25 00 00 00 5B 00 00 00 0B 00 FF FF 0E 00 00 00 
　　　　25 00 00 00 14 00 00 00 0B 00 FF FF 0E 00 00 00 
　　　　25 00 00 00 24 00 00 00 0B 00 FF FF 0E 00 00 00 
　　　　39 00 00 00 
　　　　25 00 00 00 58 00 00 00 0F 00 04 00 0E 00 00 00 
　　　　39 00 00 00 
　　　　25 00 00 00 2D 00 00 00 0A 00 08 00 0E 00 00 00 
　　　　26 00 00 00 01 00 00 00 B3 0F D8 08 
　　　　25 00 00 00 02 00 00 00 0B 00 09 00 0E 00 00 00 
　　　　58 00 01 00 2D AE 07 08 
　　　　25 00 00 00 CD 00 00 00 0C 00 0A 00 0E 00 00 00 
　　　　39 00 00 00 
　　　　76 00 A6 03 
　　　　0D 00 00 00 13 0D 00 00 09 00 00 00 
　　　　25 00 00 00 2D 00 00 00 0F 00 08 00 0E 00 00 00 
　　　　25 00 00 00 01 00 00 00 0F 00 08 00 0E 00 00 00 
　　　　25 00 00 00 02 00 00 00 0F 00 09 00 0E 00 00 00 
　　　　58 00 01 00 2D AE 07 08 
　　　　25 00 00 00 CD 00 00 00 0F 00 0A 00 0E 00 00 00 
　　　　39 00 00 00 
　　　　8C 00 10 00 90 00 00 00 
　　　　02 00 20 00 
　　　　3B 00 00 00 
　　　　3C 00 00 00 2D B3 07 08 
　　　　82 00 00 00 23 00 00 00 00 00 00 00 19 00 00 00 
　　　　30 00 00 00 C8 0E DA 08 39 00 00 00 
　　　　8D 00 10 00 91 00 00 00 
　　　　30 00 00 00 08 0E DA 08 
　　　　58 00 02 00 2D AE 07 08 
　　　　37 00 00 00 CD 00 51 00 
　　　　0B 00 19 00 
　　　　24 00 00 00 CD 00 00 00 0B 00 18 00 
　　　　39 00 00 00 
　　　　25 00 00 00 25 00 00 00 03 00 16 00 0E 00 00 00 
　　　　26 00 00 00 DA 00 00 00 BC 0F D8 08 
　　　　25 00 00 00 1A 00 00 00 05 00 17 00 0E 00 00 00 
　　　　39 00 00 00 
　　　　CD 00 00 00 07 00 17 00 01 00 00 00 
　　　　30 00 00 00 08 0F DA 08 
　　　　39 00 00 00 
　　　　40 00 00 00 21 0F 02 08 ： 不明
　　　　25 00 00 00 02 00 00 00 0B 00 17 00 0A 00 00 00 
　　　　58 00 01 00 2D AE 07 08 
　　　　25 00 00 00 CD 00 00 00 0B 00 17 00 0A 00 00 00 39 00 00 00 
　　　　8C 00 10 00 90 00 00 00 05 00 37 00 
　　　　76 00 32 00 
　　　　8D 00 10 00 91 00 00 00 
　　　　0D 00 00 00 14 0D 00 00 09 00 00 00 
　　　　CD 00 00 00 07 00 17 00 00 00 00 00 
　　　　69 00 00 00 58 00 00 00 
　　　　40 00 00 00 21 0F 02 08 ： 不明
　　　　26 00 00 00 2D 00 00 00 C3 0F D8 08 
　　　　26 00 00 00 01 00 00 00 C3 0F D8 08 
　　　　26 00 00 00 02 00 00 00 C3 0F D8 08 
　　　　58 00 01 00 2D AE 07 08 
　　　　26 00 00 00 CD 00 00 00 C3 0F D8 08 39 00 00 00 
　　　　0D 00 00 00 15 0D 00 00 
　　　　47 00 00 00 03 00 00 00 2D AE 07 08 ：【03】
　　　　11 00 00 00 16 0D 00 00 
　　　　42 00 00 00 03 00 00 00 ：【03】
　　　　09 00 00 00 
　　　　0B 00 00 00 00 00 00 00

D81500　36 00 00 00 D8 00 DA 08 B8 01 DA 08 D8 00 DA 08 B8 01 DA 08 
　　　　0C 00 00 00 
　　　　47 00 00 00 11 00 00 00 2D AE 07 08 ：【11】
　　　　55 00 00 00 0F 00 00 00 2C 00 00 00 
　　　　7A 00 04 00 
　　　　1E 00 2C 00 
　　　　65 00 00 00 2C 00 00 00 
　　　　4E 00 00 00 01 00 00 00 ：【01】
　　　　76 00 02 00 
　　　　43 00 00 00 02 00 00 00 ：【02】
　　　　42 00 00 00 01 00 00 00 ：【01】
　　　　76 00 0A 00 
　　　　42 00 00 00 02 00 00 00 ：【02】
　　　　0D 00 00 00 17 0D 00 00 
　　　　43 00 00 00 10 00 00 00 ：【10】
　　　　42 00 00 00 0F 00 00 00 ：【0F】
　　　　55 00 00 00 11 00 00 00 05 00 00 00 ：【11】
　　　　7A 00 04 00 
　　　　1E 00 05 00 
　　　　65 00 00 00 05 00 00 00 
　　　　4E 00 00 00 03 00 00 00 ：【03】
　　　　76 00 02 00 
　　　　43 00 00 00 04 00 00 00 ：【04】
　　　　42 00 00 00 03 00 00 00 ：【03】
　　　　76 00 0A 00 
　　　　42 00 00 00 04 00 00 00 ：【04】
　　　　0D 00 00 00 18 0D 00 00 
　　　　42 00 00 00 10 00 00 00 ：【10】
　　　　09 00 00 00 
　　　　42 00 00 00 11 00 00 00 ：【11】
　　　　0A 00 00 00 00 00 00 00

D815E8　46 00 00 00 05 00 00 00 89 E1 07 08 ：【05】
　　　　77 00 A6 03 
　　　　30 00 00 00 38 0A DA 08 
　　　　39 00 00 00 
　　　　0D 00 00 00 19 0D 00 00 09 00 00 00 
　　　　78 00 06 00 
　　　　43 00 00 00 09 00 00 00 ：【09】
　　　　42 00 00 00 05 00 00 00 ：【05】
　　　　30 00 00 00 58 0A DA 08 39 00 00 00 
　　　　7B 00 00 00 
　　　　0D 00 00 00 1A 0D 00 00 09 00 00 00 
　　　　7C 00 00 00 
　　　　42 00 00 00 09 00 00 00 ：【09】
　　　　0A 00 00 00 00 00 00 00

D81654　77 00 42 00 
　　　　0F 00 00 00 1D 0D 00 00 
　　　　1E 0D 00 00 09 00 00 00 
　　　　78 00 06 00 
　　　　63 00 00 00 07 00 00 00 00 00 00 00 
　　　　0A 00 00 00 00 00 00 00

D81680　77 00 42 00 
　　　　0D 00 00 00 1F 0D 00 00 09 00 00 00 
　　　　78 00 06 00 
　　　　63 00 00 00 07 00 00 00 00 00 00 00 
　　　　0A 00 00 00 00 00 00 00

D816A8　77 00 43 00 
　　　　0D 00 00 00 20 0D 00 00 09 00 00 00 
　　　　78 00 06 00 
　　　　63 00 00 00 38 00 00 00 00 00 00 00 
　　　　0A 00 00 00 00 00 00 00

D816D0　77 00 43 00 
　　　　0D 00 00 00 21 0D 00 00 09 00 00 00 
　　　　78 00 06 00 
　　　　63 00 00 00 38 00 00 00 00 00 00 00 
　　　　0A 00 00 00 00 00 00 00

D816F8　77 00 43 00 
　　　　0D 00 00 00 22 0D 00 00 09 00 00 00 
　　　　78 00 06 00 
　　　　63 00 00 00 38 00 00 00 00 00 00 00 
　　　　0A 00 00 00 00 00 00 00

D81720　77 00 43 00 
　　　　0D 00 00 00 23 0D 00 00 09 00 00 00 
　　　　78 00 06 00 
　　　　63 00 00 00 38 00 00 00 00 00 00 00 
　　　　0A 00 00 00 00 00 00 00

D81748　77 00 43 00 
　　　　0D 00 00 00 24 0D 00 00 09 00 00 00 
　　　　78 00 06 00 
　　　　63 00 00 00 38 00 00 00 00 00 00 00 
　　　　0A 00 00 00 00 00 00 00

D81770　77 00 43 00 
　　　　0D 00 00 00 25 0D 00 00 09 00 00 00 
　　　　78 00 06 00 
　　　　63 00 00 00 38 00 00 00 00 00 00 00 
　　　　0A 00 00 00 00 00 00 00

D81798　4F 00 01 00 09 00 00 00 ：【09】ハード
　　　　0D 00 00 00 1C 0D 00 00 09 00 00 00 
　　　　42 00 00 00 09 00 00 00 ：【09】
　　　　0A 00 00 00 00 00 00 00

D817BC　4F 00 01 00 09 00 00 00 ：【09】ハード
　　　　0D 00 00 00 1B 0D 00 00 09 00 00 00 
　　　　42 00 00 00 09 00 00 00 ：【09】 
　　　　0A 00 00 00 00 00 00 00

D817E0　99 00 00 00 ： 天候変化
　　　　0A 00 00 00 00 00 00 00

D817EC　99 00 01 00 
　　　　0A 00 00 00 00 00 00 00

D817F8　3C 00 00 00 C5 E1 07 08 ： 不明
　　　　3C 00 00 00 D1 A5 07 08 ： 不明
　　　　76 00 38 00 
　　　　02 00 40 00 
　　　　8C 00 04 00 90 00 00 00 
　　　　3C 00 00 00 2D B3 07 08 ： 不明
　　　　30 00 00 00 28 0F DA 08 
　　　　39 00 00 00 
　　　　1D 00 18 00 
　　　　8D 00 04 00 91 00 00 00 
　　　　02 00 40 00 
　　　　0D 00 00 00 28 0D 00 00 
　　　　7A 00 04 00 
　　　　8C 00 04 00 90 00 00 00 
　　　　02 00 20 00 
　　　　05 00 28 00 
　　　　8D 00 04 00 91 00 00 00 
　　　　76 00 50 00 
　　　　0D 00 00 00 29 0D 00 00 
　　　　4D 00 00 00 01 00 00 00 ：【01】
　　　　7A 00 04 00 
　　　　8C 00 04 00 90 00 00 00 
　　　　02 00 20 00 
　　　　05 00 37 00 
　　　　76 00 58 00 
　　　　8D 00 04 00 91 00 00 00 
　　　　0D 00 00 00 2A 0D 00 00 
　　　　42 00 00 00 01 00 00 00 ：【01】
　　　　8C 00 04 00 90 00 00 00 05 00 5B 00 
　　　　CC 00 00 00 C8 91 D8 08 98 00 00 00 ： 負傷イベント
　　　　7F 00 25 00 
　　　　02 00 01 00 01 00 00 00 
　　　　0A 00 00 00 00 00 00 00

■この章で使われたフラグ
