※作業の高速化のため表記を省略しています。

２７章　夜明け前の攻防

離脱ポイントX: Y:

■ワールドマップシーン

■イベント条件群

−ターン条件−
D6D140　02 00 00 00 64 25 D8 08 01 00 00 00 00 00 00 00 
　　　　02 00 00 00 3C 26 D8 08 01 00 40 00 00 00 00 00 
　　　　02 00 00 00 08 29 D8 08 10 00 00 00 00 00 00 00 
　　　　02 00 00 00 DC 20 DA 08 02 00 00 00 01 00 00 00 
　　　　02 00 00 00 F0 20 DA 08 03 00 00 00 01 00 00 00 
　　　　02 00 00 00 18 21 DA 08 05 00 00 00 01 00 00 00 
　　　　02 00 00 00 18 21 DA 08 09 00 00 00 01 00 00 00 
　　　　02 00 00 00 2C 21 DA 08 06 00 00 00 01 00 00 00 
　　　　02 00 00 00 54 21 DA 08 08 00 00 00 01 00 00 00 
　　　　02 00 00 00 68 21 DA 08 05 00 00 00 01 00 00 00 
　　　　02 00 00 00 B4 27 D8 08 0C 00 00 00 01 00 00 00 
　　　　02 00 00 00 18 21 DA 08 0C 0E 00 00 01 00 00 00 
　　　　02 00 00 00 18 21 DA 08 05 00 00 00 02 00 00 00 
　　　　02 00 00 00 18 21 DA 08 09 00 00 00 02 00 00 00 
　　　　02 00 00 00 2C 21 DA 08 06 00 00 00 02 00 00 00 
　　　　02 00 00 00 54 21 DA 08 08 00 00 00 02 00 00 00 
　　　　02 00 00 00 68 21 DA 08 05 00 00 00 02 00 00 00 
　　　　02 00 00 00 B4 27 D8 08 0C 00 00 00 02 00 00 00 
　　　　02 00 00 00 18 21 DA 08 0C 0E 00 00 02 00 00 00 
　　　　02 00 00 00 18 21 DA 08 07 00 00 00 02 00 00 00 
　　　　02 00 00 00 40 21 DA 08 04 00 00 00 02 00 00 00 
　　　　02 00 00 00 40 21 DA 08 07 00 00 00 02 00 00 00 
　　　　02 00 00 00 24 28 D8 08 03 00 00 00 02 00 00 00 
　　　　02 00 00 00 68 28 D8 08 09 00 00 00 02 00 00 00 
　　　　02 00 00 00 04 21 DA 08 02 04 00 00 02 00 00 00 
　　　　02 00 00 00 7C 21 DA 08 04 05 00 00 05 00 00 00 
　　　　02 00 00 00 2C 21 DA 08 05 06 00 00 05 00 00 00 
　　　　02 00 00 00 18 21 DA 08 05 00 00 00 05 00 00 00 
　　　　02 00 00 00 54 21 DA 08 07 08 00 00 05 00 00 00 
　　　　02 00 00 00 18 21 DA 08 08 09 00 00 05 00 00 00 
　　　　02 00 00 00 18 21 DA 08 0B 0E 00 00 05 00 00 00 
　　　　02 00 00 00 B4 27 D8 08 0C 00 00 00 05 00 00 00 
　　　　02 00 00 00 F0 20 DA 08 02 03 00 00 03 00 00 00 
　　　　02 00 00 00 04 21 DA 08 02 05 00 00 04 00 00 00 
　　　　02 00 00 00 40 21 DA 08 04 00 00 00 04 00 00 00 
　　　　02 00 00 00 18 21 DA 08 06 07 00 00 04 00 00 00 
　　　　02 00 00 00 40 21 DA 08 07 00 00 00 04 00 00 00 
　　　　02 00 00 00 24 28 D8 08 03 00 00 00 04 00 00 00 
　　　　02 00 00 00 68 28 D8 08 09 00 00 00 04 00 00 00 
　　　　02 00 00 00 C4 28 D8 08 0D 00 00 00 04 00 00 00 
　　　　00 00 00 00 ： ターン条件終わり
−会話条件−
D6D3C4　03 00 07 00 88 26 D8 08 01 14 00 00 01 00 00 00 
　　　　03 00 07 00 88 26 D8 08 02 14 00 00 02 00 00 00 
　　　　03 00 07 00 E8 26 D8 08 2D 14 00 00 00 00 00 00 
　　　　03 00 08 00 40 27 D8 08 14 24 00 00 00 00 00 00 
　　　　03 00 0A 00 5C 27 D8 08 01 7A 00 00 00 00 00 00 
　　　　03 00 0A 00 78 27 D8 08 02 7A 00 00 00 00 00 00 
　　　　03 00 0A 00 94 27 D8 08 2D 7A 00 00 00 00 00 00 
　　　　00 00 00 00 ： 会話条件終わり
−オブジェクト指定−
D6D438　07 00 0D 00 61 00 00 00 05 0D 12 00 
　　　　07 00 0E 00 19 00 00 00 06 0D 12 00 
　　　　07 00 0F 00 54 00 00 00 15 0D 12 00 
　　　　07 00 10 00 70 00 00 00 16 0E 12 00 
　　　　08 00 00 00 01 00 00 00 06 03 10 00 
　　　　08 00 00 00 01 00 00 00 1A 06 10 00 
　　　　08 00 00 00 01 00 00 00 05 0F 10 00 
　　　　08 00 00 00 01 00 00 00 0D 12 10 00 
　　　　08 00 00 00 01 00 00 00 15 10 10 00 
　　　　08 00 00 00 01 00 00 00 0E 12 10 00 
　　　　00 00 00 00 ： オブジェクト指定終わり
−常時条件＆範囲条件−
D6D4B4　01 00 00 00 1C F7 D6 08 65 00 00 00 
　　　　00 00 00 00 ： 常時条件＆範囲条件終わり

−アドレス群−
D6D4C4　40 D1 D6 08 ： ターン条件へ
　　　　C4 D3 D6 08 ： 会話条件へ
　　　　38 D4 D6 08 ： オブジェクト指定へ
　　　　B4 D4 D6 08 ： 常時条件＆範囲条件へ
　　　　91 F4 D6 08 ： アーチの配置(エリウッド編)
　　　　55 F6 D6 08 ： アーチの配置(ヘクトル編)
　　　　CC 13 DA 08 ： 敵軍初期配置(エリウッド編ノーマル)
　　　　CC 17 DA 08 ： 敵軍初期配置(エリウッド編ハード)
　　　　9C 15 DA 08 ： 敵軍初期配置(ヘクトル編ノーマル)
　　　　FC 19 DA 08 ： 敵軍初期配置(ヘクトル編ハード)
　　　　2C 12 DA 08 ： 自軍初期配置(エリウッド編ノーマル)
　　　　1C 13 DA 08 ： 自軍初期配置(エリウッド編ハード)
　　　　2C 12 DA 08 ： 自軍初期配置(ヘクトル編ノーマル)
　　　　1C 13 DA 08 ： 自軍初期配置(ヘクトル編ハード)
　　　　78 21 D8 08 ： 開始イベント
　　　　08 29 D8 08 ： 終了イベント
               
■イベント内容
D82178　3B 00 00 00 
　　　　9B 00 00 00 
　　　　30 00 00 00 FC 1E DA 08 39 00 00 00 
　　　　37 00 00 00 7A 00 4D 00 0E 00 10 00 
　　　　1E 00 14 00 
　　　　02 00 20 00 
　　　　0C 00 00 00 
　　　　65 00 00 00 14 00 00 00 
　　　　02 00 40 00 
　　　　7B 00 00 00 
　　　　8C 00 10 00 90 00 00 00 05 00 16 00 8D 00 10 00 91 00 00 00 
　　　　0D 00 00 00 46 0D 00 00 09 00 00 00 
　　　　7C 00 00 00 
　　　　7A 00 06 00 
　　　　25 00 00 00 14 00 00 00 0D 00 13 00 0E 00 00 00 39 00 00 00 
　　　　24 00 00 00 24 00 00 00 0E 00 14 00 39 00 00 00 
　　　　0D 00 00 00 47 0D 00 00 09 00 00 00 
　　　　02 00 40 00 
　　　　1E 00 7A 00 
　　　　25 00 00 00 7A 00 00 00 0E 00 0E 00 0A 00 00 00 39 00 00 00 
　　　　69 00 00 00 7A 00 00 00 
　　　　37 00 00 00 7A 00 53 00 0E 00 0E 00 
　　　　1E 00 7A 00 
　　　　65 00 00 00 7A 00 00 00 
　　　　02 00 20 00 
　　　　0D 00 00 00 48 0D 00 00 09 00 00 00 
　　　　1E 00 14 00 
　　　　65 00 00 00 14 00 00 00 
　　　　02 00 20 00 
　　　　0D 00 00 00 49 0D 00 00 09 00 00 00 
　　　　1E 00 7A 00 
　　　　65 00 00 00 7A 00 00 00 
　　　　02 00 20 00 
　　　　0D 00 00 00 4A 0D 00 00 09 00 00 00 
　　　　1E 00 14 00 
　　　　65 00 00 00 14 00 00 00 
　　　　02 00 20 00 
　　　　0D 00 00 00 4B 0D 00 00 09 00 00 00 
　　　　24 00 00 00 24 00 00 00 0E 00 13 00 39 00 00 00 
　　　　7D 00 B1 00 
　　　　5E 00 0D 12 ： 不明
　　　　5E 00 0E 12 ： 不明
　　　　24 00 00 00 24 00 00 00 0E 00 0F 00 39 00 00 00 
　　　　8C 00 10 00 90 00 00 00 05 00 13 00 8D 00 10 00 91 00 00 00 
　　　　0D 00 00 00 4C 0D 00 00 09 00 00 00 
　　　　7D 00 D9 02 
　　　　69 00 00 00 7A 00 00 00 
　　　　37 00 00 00 7A 00 52 00 0E 00 0E 00 
　　　　25 00 00 00 14 00 00 00 0D 00 0E 00 14 00 00 00 39 00 00 00 
　　　　8C 00 10 00 90 00 00 00 05 00 13 00 8D 00 10 00 91 00 00 00 
　　　　0D 00 00 00 4D 0D 00 00 
　　　　79 00 21 00 04 00 00 00 
　　　　14 00 00 00 
　　　　09 00 00 00 
　　　　3A 00 00 00 
　　　　7A 00 04 00 
　　　　25 00 00 00 24 00 00 00 0C 00 15 00 12 00 00 00 
　　　　02 00 20 00 
　　　　25 00 00 00 14 00 00 00 0D 00 14 00 14 00 00 00 39 00 00 00 
　　　　76 00 32 00 
　　　　0D 00 00 00 4E 0D 00 00 09 00 00 00 
　　　　25 00 00 00 24 00 00 00 05 00 13 00 14 00 00 00 
　　　　02 00 20 00 
　　　　25 00 00 00 14 00 00 00 06 00 14 00 14 00 00 00 39 00 00 00 
　　　　0D 00 00 00 4F 0D 00 00 09 00 00 00 
　　　　3B 00 00 00 
　　　　1D 00 00 11 
　　　　30 00 00 00 2C 1F DA 08 39 00 00 00 
　　　　30 00 00 00 4C 1F DA 08 39 00 00 00 
　　　　0D 00 00 00 50 0D 00 00 09 00 00 00 
　　　　3A 00 00 00 
　　　　25 00 00 00 14 00 00 00 05 00 14 00 14 00 00 00 39 00 00 00 
　　　　0D 00 00 00 51 0D 00 00 09 00 00 00 
　　　　3B 00 00 00 
　　　　1E 00 51 00 
　　　　02 00 40 00 
　　　　21 00 00 00 02 00 11 00 03 00 0A 00 
　　　　21 00 00 00 01 00 11 00 02 00 0B 00 
　　　　21 00 00 00 01 00 10 00 03 00 0B 00 
　　　　24 00 00 00 24 00 00 00 06 00 14 00 39 00 00 00 
　　　　25 00 00 00 24 00 00 00 0A 00 14 00 10 00 00 00 
　　　　25 00 00 00 14 00 00 00 0A 00 14 00 10 00 00 00 
　　　　02 00 20 00 
　　　　8C 00 10 00 90 00 00 00 
　　　　39 00 00 00 
　　　　2D 00 00 00 24 00 00 00 19 00 11 00 
　　　　2D 00 00 00 14 00 00 00 1A 00 11 00 
　　　　69 00 00 00 51 00 00 00 
　　　　69 00 00 00 5A 00 00 00 
　　　　69 00 00 00 6D 00 00 00 
　　　　69 00 00 00 6D 00 00 00 
　　　　02 00 40 00 
　　　　1E 00 24 00 
　　　　8D 00 10 00 91 00 00 00 
　　　　9B 00 03 00 
　　　　65 00 00 00 24 00 00 00 
　　　　02 00 40 00 
　　　　0D 00 00 00 52 0D 00 00 09 00 00 00 
　　　　77 00 31 00 
　　　　26 00 00 00 24 00 00 00 74 21 D8 08 
　　　　26 00 00 00 14 00 00 00 74 21 D8 08 39 00 00 00 
　　　　24 00 00 00 24 00 00 00 15 00 15 00 39 00 00 00 
　　　　6D 00 00 00 24 00 00 00 
　　　　0D 00 00 00 53 0D 00 00 09 00 00 00 
　　　　1D 00 0F 04 
　　　　30 00 00 00 5C 1E DA 08 
　　　　58 00 01 00 2D AE 07 08 
　　　　30 00 00 00 9C 1E DA 08 39 00 00 00 
　　　　78 00 06 00 
　　　　0D 00 00 00 54 0D 00 00 09 00 00 00 
　　　　0B 00 00 00 00 00 00 00 

D82564　36 00 00 00 2C 12 DA 08 1C 13 DA 08 2C 12 DA 08 1C 13 DA 08 
　　　　30 00 00 00 BC 1E DA 08 39 00 00 00 
　　　　30 00 00 00 0C 1E DA 08 39 00 00 00 
　　　　33 00 00 00 00 00 00 00 3C 1E DA 08 00 00 00 00 3C 1E DA 08 
　　　　5F 00 08 00 
　　　　0C 00 00 00 
　　　　47 00 00 00 07 00 00 00 2D AE 07 08 ：【07】軍師がいない
　　　　4E 00 00 00 05 00 00 00 ：【05】ヘクトル
　　　　55 00 00 00 07 00 00 00 38 00 00 00 ：【07】指定ユニットがいない
　　　　7A 00 04 00 
　　　　1E 00 38 00 
　　　　65 00 00 00 38 00 00 00 
　　　　76 00 07 00 
　　　　0D 00 00 00 55 0D 00 00 
　　　　43 00 00 00 06 00 00 00 ：【06】
　　　　42 00 00 00 05 00 00 00 ：【05】
　　　　55 00 00 00 07 00 00 00 07 00 00 00 ：【07】指定ユニットが居ない
　　　　7A 00 04 00 
　　　　1E 00 07 00 
　　　　65 00 00 00 07 00 00 00 
　　　　76 00 07 00 
　　　　0D 00 00 00 56 0D 00 00 
　　　　42 00 00 00 06 00 00 00 ：【06】
　　　　09 00 00 00 
　　　　42 00 00 00 07 00 00 00 ：【07】
　　　　0A 00 00 00 00 00 00 00

D8263C　76 00 07 00 
　　　　69 00 00 00 7A 00 00 00 
　　　　30 00 00 00 DC 1E DA 08 39 00 00 00 
　　　　1E 00 7A 00 
　　　　65 00 00 00 7A 00 00 00 
　　　　0D 00 00 00 57 0D 00 00 09 00 00 00 
　　　　25 00 00 00 7A 00 00 00 10 00 0E 00 08 00 00 00 39 00 00 00 
　　　　0A 00 00 00 00 00 00 00

D82688　77 00 42 00 
　　　　0F 00 00 00 58 0D 00 00 5A 0D 00 00 
　　　　48 00 00 00 63 00 00 00 
　　　　8C 00 04 00 90 00 00 00 
　　　　1C 00 00 00 
　　　　02 00 40 00 
　　　　8D 00 04 00 91 00 00 00 
　　　　12 00 00 00 59 0D 00 00 5B 0D 00 00 
　　　　42 00 00 00 63 00 00 00 ：【63】
　　　　09 00 00 00 
　　　　78 00 06 00 
　　　　63 00 00 00 14 00 00 00 00 00 00 00 
　　　　0A 00 00 00 00 00 00 00

D826E8　77 00 42 00 
　　　　0D 00 00 00 5C 0D 00 00 
　　　　48 00 00 00 63 00 00 00 ：【63】不明
　　　　8C 00 04 00 90 00 00 00 
　　　　1C 00 00 00 
　　　　02 00 40 00 
　　　　8D 00 04 00 91 00 00 00 
　　　　11 00 00 00 5D 0D 00 00 
　　　　42 00 00 00 63 00 00 00 ：【63】
　　　　09 00 00 00 
　　　　78 00 06 00 
　　　　63 00 00 00 14 00 00 00 00 00 00 00 
　　　　0A 00 00 00 00 00 00 00

D82740　77 00 21 00 
　　　　0D 00 00 00 5E 0D 00 00 09 00 00 00 
　　　　78 00 06 00 
　　　　0A 00 00 00 00 00 00 00

D8275C　7B 00 00 00 
　　　　0D 00 00 00 5F 0D 00 00 09 00 00 00 
　　　　7C 00 00 00 
　　　　0A 00 00 00 00 00 00 00

D82778　7B 00 00 00 
　　　　0D 00 00 00 60 0D 00 00 09 00 00 00 
　　　　7C 00 00 00 
　　　　0A 00 00 00 00 00 00 00

D82794　7B 00 00 00 
　　　　0D 00 00 00 61 0D 00 00 09 00 00 00 
　　　　7C 00 00 00 
　　　　78 00 06 00 
　　　　0A 00 00 00 00 00 00 00

D827B4　4E 00 00 00 01 00 00 00 ：【01】ヘクトル
　　　　73 00 00 00 01 00 11 00 00 11 00 00 
　　　　73 00 00 00 00 00 12 00 00 11 00 00 
　　　　73 00 00 00 03 00 15 00 00 11 00 00 
　　　　73 00 00 00 05 00 15 00 00 11 00 00 
　　　　73 00 00 00 04 00 16 00 00 11 00 00 
　　　　73 00 00 00 1C 00 17 00 00 11 00 00 
　　　　43 00 00 00 02 00 00 00 ：【02】
　　　　42 00 00 00 01 00 00 00 ：【01】
　　　　42 00 00 00 02 00 00 00 ：【02】
　　　　0A 00 00 00 00 00 00 00

D82824　73 00 00 00 1A 00 03 00 00 0F 00 00 
　　　　73 00 00 00 18 00 04 00 00 0F 00 00 
　　　　73 00 00 00 1C 00 04 00 00 0F 00 00 
　　　　73 00 00 00 1D 00 18 00 00 11 00 00 
　　　　73 00 00 00 1A 00 1A 00 00 11 00 00 
　　　　0A 00 00 00 00 00 00 00

D82868　73 00 00 00 1B 00 08 00 00 11 00 00 
　　　　73 00 00 00 15 00 08 00 00 11 00 00 
　　　　73 00 00 00 14 00 0A 00 00 11 00 00 
　　　　73 00 00 00 1C 00 0A 00 00 11 00 00 
　　　　73 00 00 00 1B 00 0B 00 00 11 00 00 
　　　　73 00 00 00 1A 00 09 00 00 11 00 00 
　　　　73 00 00 00 1D 00 0D 00 00 11 00 00 
　　　　0A 00 00 00 00 00 00 00

D828C4　73 00 00 00 1C 00 1A 00 00 11 00 00 
　　　　73 00 00 00 1D 00 19 00 00 11 00 00 
　　　　73 00 00 00 1D 00 1B 00 00 11 00 00 
　　　　73 00 00 00 1B 00 1B 00 00 11 00 00 
　　　　73 00 00 00 1B 00 19 00 00 11 00 00 
　　　　0A 00 00 00 00 00 00 00

D82908　3C 00 00 00 A1 E2 07 08 ： 不明
　　　　3C 00 00 00 D1 A5 07 08 ： マリナスのレベルアップ判定
　　　　7A 00 01 00 
　　　　3B 00 00 00 
　　　　9B 00 00 00 
　　　　02 00 40 00 
　　　　8C 00 10 00 90 00 00 00 
　　　　3C 00 00 00 2D B3 07 08 ：　マップのユニットを消す
　　　　37 00 00 00 7A 00 4D 00 0E 00 10 00 
　　　　20 00 0D 10 
　　　　05 00 13 00 8D 00 10 00 91 00 00 00 
　　　　19 00 00 00 0A 00 00 00 69 0D 00 00 68 0D 00 00 
　　　　09 00 00 00 
　　　　76 00 38 00 
　　　　30 00 00 00 8C 1F DA 08 39 00 00 00 
　　　　02 00 3C 00 
　　　　30 00 00 00 CC 1F DA 08 39 00 00 00 
　　　　47 00 00 00 0C 00 00 00 41 A8 07 08 ：【0C】満たさない場合
　　　　4B 00 00 00 0C 00 00 00 08 00 00 00 ：【0C】オフの場合
　　　　4A 00 00 00 0C 00 00 00 82 00 00 00 ：【0C】オンの場合
　　　　74 00 09 00 
　　　　30 00 00 00 0C 20 DA 08 39 00 00 00 
　　　　1D 00 12 00 
　　　　0F 00 00 00 6A 0D 00 00 6B 0D 00 00 
　　　　09 00 00 00 
　　　　8C 00 04 00 90 00 00 00 
　　　　63 00 00 00 24 00 00 00 00 00 00 00 
　　　　43 00 00 00 0D 00 00 00 ：【0D】
　　　　42 00 00 00 0C 00 00 00 ：【0C】
　　　　8C 00 04 00 90 00 00 00 
　　　　42 00 00 00 0D 00 00 00 ：【0D】
　　　　77 00 31 00 
　　　　02 00 28 00 
　　　　05 00 27 00 
　　　　77 00 52 00 
　　　　8D 00 10 00 91 00 00 00 
　　　　4A 00 00 00 15 00 00 00 02 00 00 00 ：【15】オンの場合
　　　　0D 00 00 00 6C 0D 00 00 
　　　　49 00 00 00 63 00 00 00 ：【63】不明
　　　　3D 00 00 00 35 CD 07 08 ： 赤黒いもやのエフェクト
　　　　02 00 20 00 
　　　　E6 00 00 00 
　　　　7D 00 EE 02 
　　　　E5 00 00 00 FF FF FF FF 20 00 00 00 A0 01 02 08 
　　　　E5 00 00 00 FF FF FF FF 20 00 00 00 00 01 04 10 
　　　　E5 00 00 00 FF FF FF FF 20 00 00 00 A0 01 02 08 
　　　　E5 00 00 00 FF FF FF FF 20 00 00 00 00 01 04 10 
　　　　E7 00 00 00 
　　　　3D 00 00 00 61 CD 07 08 ： もやをゆっくり消す
　　　　02 00 10 00 
　　　　3C 00 00 00 79 CD 07 08 ： もやを消す
　　　　14 00 00 00 
　　　　42 00 00 00 63 00 00 00 ：【63】
　　　　7A 00 04 00 
　　　　8C 00 04 00 90 00 00 00 
　　　　02 00 10 00 
　　　　3C 00 00 00 D1 B3 07 08 ： 会話シーンからマップに画面を移す
　　　　43 00 00 00 16 00 00 00 ：【16】
　　　　42 00 00 00 15 00 00 00 ：【15】
　　　　0D 00 00 00 6D 0D 00 00 
　　　　7A 00 04 00 
　　　　8C 00 04 00 90 00 00 00 
　　　　42 00 00 00 16 00 00 00 ：【16】
　　　　77 00 A7 03 
　　　　02 00 60 00 
　　　　30 00 00 00 3C 20 DA 08 39 00 00 00 
　　　　05 00 0E 00 
　　　　8D 00 04 00 91 00 00 00 
　　　　0D 00 00 00 6E 0D 00 00 
　　　　47 00 00 00 03 00 00 00 41 A9 07 08 ：【03】満たさない
　　　　47 00 00 00 03 00 00 00 51 A9 07 08 ：【03】満たさない
　　　　78 00 06 00 
　　　　8C 00 10 00 90 00 00 00 05 00 12 00 8D 00 10 00 91 00 00 00 
　　　　0D 00 00 00 6F 0D 00 00 
　　　　42 00 00 00 03 00 00 00 ：【03】
　　　　77 00 31 00 
　　　　8C 00 10 00 90 00 00 00 05 00 14 00 
　　　　77 00 23 00 
　　　　8D 00 10 00 91 00 00 00 
　　　　0D 00 00 00 70 0D 00 00 
　　　　7A 00 04 00 
　　　　8C 00 04 00 90 00 00 00 
　　　　02 00 20 00 
　　　　05 00 0E 00 
　　　　76 00 A7 03
 　　　 8D 00 04 00 91 00 00 00 
　　　　47 00 00 00 05 00 00 00 41 A9 07 08 ：【05】満たさない
　　　　47 00 00 00 05 00 00 00 51 A9 07 08 ：【05】満たさない
　　　　0D 00 00 00 71 0D 00 00 
　　　　43 00 00 00 06 00 00 00 ：【06】
　　　　42 00 00 00 05 00 00 00 ：【05】　
　　　　0D 00 00 00 72 0D 00 00 
　　　　42 00 00 00 06 00 00 00 ：【06】
　　　　11 00 00 00 73 0D 00 00 7A 00 04 00 
　　　　8C 00 04 00 90 00 00 00 05 00 12 00 
　　　　02 00 14 00 
　　　　76 00 24 00 
　　　　8D 00 04 00 91 00 00 00 
　　　　0D 00 00 00 74 0D 00 00 
　　　　8C 00 04 00 90 00 00 00 
　　　　02 00 20 00 
　　　　76 00 38 00 
　　　　3C 00 00 00 2D B3 07 08 ： マップのユニットを消す
　　　　82 00 00 00 3D 00 00 00 00 00 00 00 00 00 00 00 
　　　　30 00 00 00 CC 1F DA 08 39 00 00 00 
　　　　2D 00 00 00 01 00 00 00 
　　　　07 00 04 00 
　　　　2D 00 00 00 02 00 00 00 08 00 05 00 
　　　　2D 00 00 00 2D 00 00 00 09 00 04 00 
　　　　05 00 1C 00 8D 00 04 00 91 00 00 00 
　　　　0D 00 00 00 75 0D 00 00 09 00 00 00 
　　　　84 00 00 00 91 00 00 00 5A 00 00 00 01 00 00 00 89 00 00 00 
　　　　83 00 25 00 
　　　　CC 00 00 00 C8 91 D8 08 98 00 00 00 ： 負傷イベント
　　　　4B 00 00 00 08 00 00 00 09 00 00 00 ：【08】オフの場合
　　　　8C 00 04 00 90 00 00 00 
　　　　85 00 00 00 
　　　　05 00 5B 00 8D 00 80 00 91 00 00 00 
　　　　02 00 02 00 
　　　　3C 00 00 00 0D 5A 01 08 ： 不明
　　　　A5 00 07 00 00 00 00 00 76 0D 00 00 
　　　　40 00 00 00 81 3B 08 08 
　　　　87 00 00 00 
　　　　50 00 00 00 07 00 00 00 ：【07】選択肢。いいえの場合
　　　　70 00 00 00 24 00 00 00 00 00 01 00 
　　　　7F 00 26 00 
　　　　02 00 01 00 01 00 00 00 
　　　　43 00 00 00 09 00 00 00 ：【09】
　　　　42 00 00 00 08 00 00 00 ：【08】
　　　　8C 00 04 00 90 00 00 00 05 00 5B 00 
　　　　42 00 00 00 07 00 00 00 ：【07】
　　　　7F 00 27 00 
　　　　02 00 01 00 01 00 00 00 
　　　　42 00 00 00 09 00 00 00 ：【09】
　　　　0A 00 00 00 00 00 00 00

■この章で使われたフラグ
