※作業の高速化のため表記を省略しています。

２７章外伝　決別の夜

離脱ポイントX: Y:

■ワールドマップシーン

■イベント条件群

−ターン条件−
D6D504　02 00 00 00 04 34 D8 08 01 00 00 00 00 00 00 00
　　　  02 00 00 00 3C 34 D8 08 08 00 80 00 00 00 00 00 
　　　  02 00 00 00 68 35 D8 08 16 00 00 00 00 00 00 00 
　　　  02 00 00 00 5C 35 D8 08 1E 00 00 00 00 00 00 00 
　　　  02 00 00 00 80 34 D8 08 02 00 00 00 01 00 00 00 
　　　  02 00 00 00 8C 34 D8 08 03 00 00 00 01 00 00 00 
　　　  02 00 00 00 98 34 D8 08 05 00 00 00 01 00 00 00 
　　　  02 00 00 00 B0 34 D8 08 07 00 00 00 01 00 00 00 
　　　  02 00 00 00 C0 34 D8 08 08 00 00 00 01 00 00 00 
　　　  02 00 00 00 DC 34 D8 08 0A 00 00 00 01 00 00 00 
　　　  02 00 00 00 F0 34 D8 08 0C 00 00 00 01 00 00 00 
　　　  02 00 00 00 18 35 D8 08 0F 00 00 00 01 00 00 00 
　　　  02 00 00 00 34 35 D8 08 10 00 00 00 01 00 00 00 
　　　  02 00 00 00 40 35 D8 08 14 00 00 00 01 00 00 00 
　　　  02 00 00 00 70 33 DA 08 02 03 00 00 01 00 00 00 
　　　  02 00 00 00 F8 32 DA 08 03 00 00 00 01 00 00 00 
　　　  02 00 00 00 84 33 DA 08 08 00 00 00 01 00 00 00 
　　　  02 00 00 00 0C 33 DA 08 08 0A 00 00 01 00 00 00 
　　　  02 00 00 00 70 33 DA 08 0A 00 00 00 01 00 00 00 
　　　  02 00 00 00 48 33 DA 08 0A 0B 00 00 01 00 00 00 
　　　  02 00 00 00 34 33 DA 08 0C 0D 00 00 01 00 00 00 
　　　  02 00 00 00 5C 33 DA 08 0C 0D 00 00 01 00 00 00 
　　　  02 00 00 00 A0 35 D8 08 05 00 00 00 02 00 00 00 
　　　  02 00 00 00 B4 35 D8 08 0A 00 00 00 02 00 00 00 
　　　  02 00 00 00 E8 35 D8 08 0F 00 00 00 02 00 00 00 
　　　  02 00 00 00 F8 35 D8 08 14 00 00 00 02 00 00 00 
　　　  02 00 00 00 98 33 DA 08 0C 0E 00 00 02 00 00 00 
　　　  02 00 00 00 D4 33 DA 08 0E 10 00 00 02 00 00 00 
　　　  02 00 00 00 FC 33 DA 08 02 03 00 00 02 00 00 00 
　　　  02 00 00 00 AC 33 DA 08 04 06 00 00 02 00 00 00 
　　　  02 00 00 00 C0 33 DA 08 05 08 00 00 02 00 00 00 
　　　  02 00 00 00 10 34 DA 08 0E 10 00 00 02 00 00 00 
　　　  02 00 00 00 24 34 DA 08 0C 0E 00 00 02 00 00 00 
　　　  02 00 00 00 38 34 DA 08 0B 10 00 00 02 00 00 00 
　　　  02 00 00 00 80 34 D8 08 02 00 00 00 03 00 00 00 
　　　  02 00 00 00 8C 34 D8 08 03 00 00 00 03 00 00 00 
　　　  02 00 00 00 98 34 D8 08 05 00 00 00 03 00 00 00 
　　　  02 00 00 00 B0 34 D8 08 07 00 00 00 03 00 00 00 
　　　  02 00 00 00 C0 34 D8 08 08 00 00 00 03 00 00 00 
　　　  02 00 00 00 DC 34 D8 08 0A 00 00 00 03 00 00 00 
　　　  02 00 00 00 F0 34 D8 08 0C 00 00 00 03 00 00 00 
　　　  02 00 00 00 18 35 D8 08 0F 00 00 00 03 00 00 00 
　　　  02 00 00 00 34 35 D8 08 10 00 00 00 03 00 00 00 
　　　  02 00 00 00 40 35 D8 08 14 00 00 00 03 00 00 00 
　　　  02 00 00 00 A0 35 D8 08 05 00 00 00 04 00 00 00 　　　  
　　　  02 00 00 00 B4 35 D8 08 0A 00 00 00 04 00 00 00 
　　　  02 00 00 00 E8 35 D8 08 0F 00 00 00 04 00 00 00 
　　　  02 00 00 00 F8 35 D8 08 14 00 00 00 04 00 00 00 
　　　  02 00 00 00 F8 32 DA 08 02 03 00 00 03 00 00 00 
　　　  02 00 00 00 70 33 DA 08 02 04 00 00 03 00 00 00 
　　　  02 00 00 00 84 33 DA 08 08 09 00 00 03 00 00 00 
　　　  02 00 00 00 0C 33 DA 08 08 0B 00 00 03 00 00 00 
　　　  02 00 00 00 70 33 DA 08 0A 0B 00 00 03 00 00 00 
　　　  02 00 00 00 48 33 DA 08 0A 0C 00 00 03 00 00 00 
　　　  02 00 00 00 34 33 DA 08 0C 0E 00 00 03 00 00 00 
　　　  02 00 00 00 5C 33 DA 08 0C 0E 00 00 03 00 00 00 
　　　  02 00 00 00 98 33 DA 08 0B 0E 00 00 04 00 00 00 
　　　  02 00 00 00 AC 33 DA 08 03 06 00 00 04 00 00 00 
　　　  02 00 00 00 C0 33 DA 08 04 08 00 00 04 00 00 00 
　　　  02 00 00 00 E8 33 DA 08 0D 10 00 00 04 00 00 00 
　　　  02 00 00 00 FC 33 DA 08 02 04 00 00 04 00 00 00 
　　　  02 00 00 00 10 34 DA 08 0D 10 00 00 04 00 00 00 
　　　  02 00 00 00 24 34 DA 08 0B 0E 00 00 04 00 00 00 
　　　  02 00 00 00 38 34 DA 08 0A 10 00 00 04 00 00 00 
　　　  00 00 00 00 ： ターン条件終わり
−会話条件−
D6D908　00 00 00 00 ： 会話条件終わり
−オブジェクト指定−
D6D90C  07 00 0A 00 48 00 00 00 17 00 12 00 
　　　　07 00 0B 00 7E 00 00 00 18 01 12 00 
　　　　07 00 0C 00 4C 00 00 00 19 02 12 00 
　　　　07 00 0D 00 5D 00 00 00 10 0E 12 00 
　　　　05 00 03 00 01 00 00 00 18 08 0F 00 
　　　　00 00 00 00 ： オブジェクト指定終わり
−常時条件＆範囲条件−
D6D94C　01 00 00 00 1C F7 D6 08 65 00 00 00 
　　　　00 00 00 00 ： 常時条件＆範囲条件終わり

−アドレス群−
D6D95C　04 D5 D6 08 ： ターン条件へ
　　　　08 D9 D6 08 ： 会話条件へ
　　　　0C D9 D6 08 ： オブジェクト指定へ
　　　　4C D9 D6 08 ： 常時条件＆範囲条件へ
　　　　92 F4 D6 08 ： アーチの配置(エリウッド編)
　　　　56 F6 D6 08 ： アーチの配置(ヘクトル編)
　　　　44 24 DA 08 ： 敵軍初期配置(エリウッド編ノーマル)
　　　　24 28 DA 08 ： 敵軍初期配置(エリウッド編ハード)
　　　　14 26 DA 08 ： 敵軍初期配置(ヘクトル編ノーマル)
　　　　74 2A DA 08 ： 敵軍初期配置(ヘクトル編ハード)
　　　　94 22 DA 08 ： 自軍初期配置(エリウッド編ノーマル)
　　　　84 23 DA 08 ： 自軍初期配置(エリウッド編ハード)
　　　　94 22 DA 08 ： 自軍初期配置(ヘクトル編ノーマル)
　　　　84 23 DA 08 ： 自軍初期配置(ヘクトル編ハード)
　　　　5C 2D D8 08 ： 開始イベント
　　　　4C 36 D8 08 ： 終了イベント

              
■イベント内容
D82D5C　3B 00 00 00 
　　　　8C 00 10 00 90 00 00 00 
　　　　82 00 00 00 3E 00 00 00 00 00 00 00 00 00 00 00 
　　　　8D 00 04 00 91 00 00 00 
　　　　02 00 40 00 
　　　　30 00 00 00 F4 30 DA 08 39 00 00 00 
　　　　25 00 00 00 14 00 00 00 08 00 06 00 10 00 00 00 39 00 00 00 
　　　　30 00 00 00 14 31 DA 08 
　　　　25 00 00 00 24 00 00 00 08 00 04 00 30 00 00 00 39 00 00 00 
　　　　8C 00 10 00 90 00 00 00 05 00 27 00 8D 00 10 00 91 00 00 00 
　　　　0D 00 00 00 77 0D 00 00 
　　　　77 00 21 00 
　　　　14 00 00 00 
　　　　09 00 00 00 
　　　　7A 00 04 00 
　　　　26 00 00 00 24 00 00 00 4C 2D D8 08 
　　　　24 00 00 00 14 00 00 00 08 00 FF FF 39 00 00 00 
　　　　6D 00 00 00 24 00 00 00 
　　　　6D 00 00 00 14 00 00 00 
　　　　02 00 20 00 
　　　　30 00 00 00 34 31 DA 08 
　　　　58 00 02 00 2D AE 07 08 
　　　　37 00 00 00 CD 00 51 00 06 00 0A 00 
　　　　24 00 00 00 CD 00 00 00 06 00 07 00 39 00 00 00 
　　　　8C 00 10 00 90 00 00 00 05 00 1F 00
　　　  76 00 B8 03 
　　　　8D 00 10 00 91 00 00 00 
　　　　0D 00 00 00 78 0D 00 00 
　　　　76 00 56 00 
　　　　11 00 00 00 79 0D 00 00 
　　　　4E 00 00 00 0A 00 00 00 ：【0A】ヘクトル
　　　　58 00 01 00 2D AE 07 08 
　　　　11 00 00 00 7A 0D 00 00 
　　　　42 00 00 00 0A 00 00 00 ：【0A】
　　　　09 00 00 00 
　　　　24 00 00 00 02 00 00 00 08 00 FF FF 
　　　　24 00 00 00 2D 00 00 00 07 00 FF FF 
　　　　02 00 20 00 
　　　　24 00 00 00 01 00 00 00 08 00 FF FF 
　　　　58 00 02 00 2D AE 07 08
　　　  24 00 00 00 CD 00 00 00 07 00 FF FF 39 00 00 00 
　　　　7A 00 04 00 
　　　　8C 00 04 00 90 00 00 00 
　　　　82 00 00 00 26 00 00 00 18 00 00 00 09 00 00 00 
　　　　60 00 01 00 ： 不明
　　　　60 00 03 00 
　　　　60 00 05 00 
　　　　60 00 07 00 
　　　　60 00 09 00 
　　　　60 00 0B 00 
　　　　60 00 0D 00 
　　　　60 00 0F 00 
　　　　60 00 11 00 
　　　　60 00 13 00 
　　　　60 00 15 00 
　　　　60 00 17 00 
　　　　60 00 19 00 
　　　　60 00 1B 00 
　　　　60 00 1D 00 
　　　　60 00 1F 00 
　　　　60 00 21 00 
　　　　60 00 23 00 
　　　　60 00 25 00 
　　　　61 00 01 00 ： ここまで不明
　　　　30 00 00 00 74 31 DA 08 39 00 00 00 
　　　　76 00 52 00 
　　　　8D 00 04 00 91 00 00 00 
　　　　CD 00 00 00 18 00 0C 00 01 00 00 00 ： ワープ演出
　　　　30 00 00 00 94 31 DA 08 39 00 00 00 
　　　　40 00 00 00 21 0F 02 08 ： ワープとセット
　　　　02 00 20 00 
　　　　25 00 00 00 85 00 00 00 18 00 0C 00 0A 00 00 00 39 00 00 00 
　　　　02 00 20 00 
　　　　8C 00 10 00 90 00 00 00 05 00 4E 00 8D 00 10 00 91 00 00 00 
　　　　0D 00 00 00 7B 0D 00 00 09 00 00 00 
　　　　1D 00 16 13 
　　　　30 00 00 00 B4 31 DA 08 39 00 00 00 
　　　　25 00 00 00 84 00 00 00 18 00 0F 00 10 00 00 00 
　　　　02 00 10 00 
　　　　25 00 00 00 85 00 00 00 17 00 0B 00 0A 00 00 00 
　　　　25 00 00 00 5B 00 00 00 18 00 0C 00 0A 00 00 00 39 00 00 00 
　　　　0D 00 00 00 7C 0D 00 00 
　　　　25 00 00 00 84 00 00 00 18 00 0D 00 14 00 00 00 
　　　　7D 00 D3 00 
　　　　11 00 00 00 7D 0D 00 00 39 00 00 00 
　　　　7D 00 D9 02 
　　　　3C 00 00 00 C1 E4 07 08 ： 不明
　　　　25 00 00 00 85 00 00 00 17 00 0D 00 0A 00 00 00 
　　　　14 00 00 00 
　　　　09 00 00 00 
　　　　39 00 00 00 
　　　　02 00 3C 00 
　　　　7D 00 EE 02 
　　　　3C 00 00 00 45 E4 07 08 ： 不明
　　　　02 00 3C 00 
　　　　3C 00 00 00 E9 E4 07 08 ： 不明
　　　　02 00 3C 00 
　　　　3C 00 00 00 A5 D4 06 08 ： 不明
　　　　3C 00 00 00 A5 E4 07 08 ： 不明
　　　　02 00 3C 00 
　　　　69 00 00 00 84 00 00 00 
　　　　CD 00 00 00 17 00 0D 00 00 00 00 00 
　　　　2D 00 00 00 85 00 00 00 1B 00 00 00 
　　　　40 00 00 00 21 0F 02 08 
　　　　7A 00 02 00 
　　　　02 00 40 00 
　　　　76 00 32 00 
　　　　1D 00 16 13 
　　　　30 00 00 00 D4 31 DA 08 39 00 00 00 
　　　　0D 00 00 00 7E 0D 00 00 09 00 00 00 
　　　　1D 00 00 08 
　　　　30 00 00 00 F4 31 DA 08 39 00 00 00 
　　　　25 00 00 00 DA 00 00 00 07 00 0C 00 18 00 00 00 
　　　　02 00 20 00 
　　　　25 00 00 00 14 00 00 00 07 00 0A 00 10 00 00 00
　　　  02 00 10 00 
　　　　25 00 00 00 24 00 00 00 06 00 08 00 10 00 00 00 39 00 00 00 
　　　　0D 00 00 00 7F 0D 00 00 
　　　　02 00 40 00 
　　　　CD 00 00 00 07 00 0B 00 01 00 00 00 
　　　　2D 00 00 00 5B 00 00 00 07 00 0B 00 
　　　　40 00 00 00 21 0F 02 08
　　　　7A 00 04 00 
　　　　02 00 40 00 
　　　　76 00 50 00 
　　　　11 00 00 00 80 0D 00 00 09 00 00 00 
　　　　25 00 00 00 DA 00 00 00 07 00 14 00 18 00 00 00 39 00 00 00 
　　　　69 00 00 00 DA 00 00 00 
　　　　25 00 00 00 5B 00 00 00 07 00 0C 00 0A 00 00 00 
　　　　25 00 00 00 14 00 00 00 07 00 09 00 10 00 00 00 
　　　　25 00 00 00 24 00 00 00 06 00 0A 00 10 00 00 00 39 00 00 00 
　　　　02 00 40 00 
　　　　0D 00 00 00 81 0D 00 00 
　　　　7A 00 01 00 
　　　　14 00 00 00 
　　　　09 00 00 00 
　　　　02 00 40 00 
　　　　30 00 00 00 24 32 DA 08 39 00 00 00 
　　　　76 00 32 00 
　　　　0D 00 00 00 82 0D 00 00 09 00 00 00 
　　　　02 00 40 00 
　　　　3C 00 00 00 79 E3 07 08 ： 地震を起こす
　　　　0F 00 00 00 83 0D 00 00 84 0D 00 00 09 00 00 00 
　　　　7D 00 69 02 
D8320C　3C 00 00 00 F1 E2 07 08 ： ソーニャを中心にホワイトアウト
　　　　02 00 3C 00 
　　　　3C 00 00 00 BD E3 07 08 ： 地震を止める
　　　　2D 00 00 00 01 00 00 00 02 00 09 00 
　　　　2D 00 00 00 02 00 00 00 02 00 08 00 
　　　　2D 00 00 00 2D 00 00 00 01 00 09 00 
　　　　2D 00 00 00 24 00 00 00 03 00 08 00 
　　　　2D 00 00 00 14 00 00 00 03 00 09 00 
　　　　69 00 00 00 5B 00 00 00 
　　　　33 00 00 00 44 24 DA 08 24 28 DA 08 14 26 DA 08 74 2A DA 08 39 00 00 00 
　　　　4D 00 00 00 12 00 00 00 ：【12】エリウッド
　　　　2C 00 00 00 07 00 09 00 08 00 0A 00 
　　　　42 00 00 00 12 00 00 00 ：【12】
　　　　60 00 00 80 ： 不明
　　　　60 00 02 80 
　　　　60 00 04 80 
　　　　60 00 06 80 
　　　　60 00 08 80 
　　　　60 00 0A 80 
　　　　60 00 0C 80 
　　　　60 00 0E 80 
　　　　60 00 10 80 
　　　　60 00 12 80 
　　　　60 00 14 80 
　　　　60 00 16 80 
　　　　60 00 18 80 
　　　　60 00 1A 80 
　　　　60 00 1C 80 
　　　　60 00 1E 80 
　　　　60 00 20 80 
　　　　60 00 22 80 
　　　　60 00 24 80 
　　　　61 00 01 00 ： ここまで不明
　　　　8F 00 04 00 91 00 00 00 
　　　　CD 00 00 00 07 00 09 00 01 00 00 00 
　　　　2D 00 00 00 5B 00 00 00 07 00 09 00 
　　　　40 00 00 00 21 0F 02 08 
　　　　0D 00 00 00 85 0D 00 00 09 00 00 00 
　　　　1E 00 01 00 
　　　　02 00 20 00 
　　　　0D 00 00 00 86 0D 00 00 
　　　　4D 00 00 00 0B 00 00 00 ：【0B】エリウッド
　　　　11 00 00 00 87 0D 00 00 
　　　　42 00 00 00 0B 00 00 00 ：【0B】
　　　　09 00 00 00 
　　　　02 00 40 00 
　　　　1E 00 5B 00 
　　　　02 00 20 00 
　　　　0D 00 00 00 88 0D 00 00 09 00 00 00 
　　　　02 00 40 00 
　　　　CD 00 00 00 07 00 09 00 00 00 00 00 
　　　　6D 00 00 00 5B 00 00 00 
　　　　40 00 00 00 21 0F 02 08 
　　　　1D 00 18 08 
　　　　CD 00 00 00 18 00 08 00 01 00 00 00 
　　　　2D 00 00 00 5B 00 00 00 18 00 08 00 
　　　　40 00 00 00 21 0F 02 08 
　　　　4E 00 00 00 0C 00 00 00 ：【0C】ヘクトル
　　　　1E 00 01 00 
　　　　02 00 10 00 
　　　　62 00 01 00 ： 不明
　　　　62 00 07 00 ： 不明
　　　　42 00 00 00 0C 00 00 00 ：【0C】
　　　　4D 00 00 00 0D 00 00 00 ：【0D】エリウッド
　　　　1D 00 00 00 
　　　　02 00 10 00 
　　　　62 00 03 00 ： 不明
　　　　62 00 05 00 ： 不明
　　　　62 00 0F 00 ： 不明
　　　　1E 00 01 00 
　　　　42 00 00 00 0D 00 00 00 ：【0D】
　　　　0D 00 00 00 89 0D 00 00 09 00 00 00 
　　　　02 00 40 00 
　　　　0B 00 00 00 00 00 00 00 

D83404　36 00 00 00 94 22 DA 08 84 23 DA 08 94 22 DA 08 84 23 DA 08 
　　　　30 00 00 00 A4 2D DA 08 39 00 00 00 
　　　　71 00 00 00 24 00 00 00 00 00 01 00 ： 不明
　　　　0C 00 00 00 
　　　　0A 00 00 00 00 00 00 00

D8343C　73 00 00 00 0F 00 11 00 00 0E 00 00 
　　　　73 00 00 00 0F 00 13 00 00 0E 00 00 
　　　　73 00 00 00 10 00 12 00 00 0E 00 00 
　　　　73 00 00 00 11 00 11 00 00 0E 00 00 
　　　　73 00 00 00 11 00 13 00 00 0E 00 00 
　　　　0A 00 00 00 00 00 00 00

D83480　62 00 05 00 ： 不明
　　　　0A 00 00 00 00 00 00 00

D8348C　62 00 03 00 ： 不明
　　　　0A 00 00 00 00 00 00 00

D83498　62 00 09 00 ： 不明
　　　　62 00 11 00 
　　　　62 00 13 00 
　　　　62 00 02 80 
　　　　0A 00 00 00 00 00 00 00

D834B0　62 00 00 80 
　　　　62 00 04 80 
　　　　0A 00 00 00 00 00 00 00

D834C0　62 00 0B 00 
　　　　62 00 0D 00 
　　　　62 00 15 00 
　　　　62 00 17 00 
　　　　62 00 06 80 
　　　　0A 00 00 00 00 00 00 00 

D834DC　62 00 0F 00 
　　　　62 00 19 00 
　　　　62 00 1B 00 
　　　　0A 00 00 00 00 00 00 00

D834F0　62 00 0A 80 
　　　　62 00 0C 80 
　　　　62 00 08 80 
　　　　62 00 10 80 
　　　　62 00 12 80 
　　　　62 00 1D 00 
　　　　62 00 1F 00 
　　　　62 00 21 00 
　　　　0A 00 00 00 00 00 00 00

D83518　62 00 14 80 
　　　　62 00 16 80 
　　　　62 00 0E 80 
　　　　62 00 18 80 
　　　　62 00 1A 80 
　　　　0A 00 00 00 00 00 00 00

D83534　62 00 25 00 
　　　　0A 00 00 00 00 00 00 00

D83540　62 00 1C 80 
　　　　0A 00 00 00 00 00 00 00

D8354C　62 00 1E 80 
　　　　62 00 20 80 
　　　　0A 00 00 00 00 00 00 00

D8355C　62 00 23 00 
　　　　0A 00 00 00 00 00 00 00

D83568　62 00 05 00 
　　　　62 00 0F 00 
　　　　62 00 19 00 
　　　　62 00 0D 00 
　　　　62 00 15 00 
　　　　62 00 1F 00 
　　　　62 00 01 00 
　　　　62 00 09 00 
　　　　62 00 13 00 
　　　　62 00 1B 00 
　　　　62 00 1D 00 
　　　　62 00 21 00 
　　　　0A 00 00 00 00 00 00 00

D835A0　62 00 11 00 
　　　　62 00 19 00 
　　　　62 00 1B 00 
　　　　0A 00 00 00 00 00 00 00

D835B4　62 00 17 00 
　　　　62 00 09 00 
　　　　62 00 0B 00 
　　　　62 00 1F 00 
　　　　62 00 21 00 
　　　　62 00 1D 00 
　　　　62 00 0D 00 
　　　　62 00 15 00 
　　　　62 00 02 80 
　　　　62 00 04 80 
　　　　62 00 0E 80 
　　　　0A 00 00 00 00 00 00 00

D835E8　62 00 13 00 
　　　　62 00 25 00 
　　　　0A 00 00 00 00 00 00 00

D835F8　62 00 10 80 
　　　　62 00 18 80 
　　　　62 00 1A 80 
　　　　62 00 16 80 
　　　　62 00 08 80 
　　　　62 00 0A 80 
　　　　62 00 1E 80 
　　　　62 00 20 80 
　　　　62 00 1C 80 
　　　　62 00 0C 80 
　　　　62 00 14 80 
　　　　0A 00 00 00 00 00 00 00

D8362C　0A 00 00 00 00 00 00 00

D83634　0A 00 00 00 00 00 00 00

D8363C　0A 00 00 00 00 00 00 00

D83644　0A 00 00 00 00 00 00 00

D8364C　3C 00 00 00 CD E2 07 08 ： 不明
　　　　3C 00 00 00 D1 A5 07 08 ： 不明
　　　　76 00 21 00 
　　　　02 00 40 00 
　　　　8C 00 04 00 90 00 00 00 
　　　　3C 00 00 00 DD B2 07 08 ： 不明
　　　　05 00 29 00 
　　　　8D 00 04 00 91 00 00 00 
　　　　0D 00 00 00 8E 0D 00 00 
　　　　8C 00 04 00 90 00 00 00 
　　　　05 00 1F 00 
　　　　02 00 40 00 
　　　　8D 00 10 00 91 00 00 00 
　　　　47 00 00 00 01 00 00 00 51 A8 07 08 ：【01】
　　　　47 00 00 00 02 00 00 00 41 A8 07 08 ：【02】
　　　　0D 00 00 00 8F 0D 00 00 
　　　　7A 00 04 00 
　　　　02 00 40 00 
　　　　76 00 A9 03 
　　　　14 00 00 00 
　　　　4D 00 00 00 05 00 00 00 
　　　　8C 00 10 00 90 00 00 00 05 00 1F 00 8D 00 10 00 91 00 00 00 
　　　　0D 00 00 00 93 0D 00 00 
　　　　43 00 00 00 05 00 00 00 ：【05】
　　　　42 00 00 00 01 00 00 00 ：【01】
　　　　47 00 00 00 03 00 00 00 41 A8 07 08 ：【03】
　　　　0D 00 00 00 90 0D 00 00 
　　　　14 00 00 00 
　　　　4D 00 00 00 05 00 00 00 
　　　　8C 00 10 00 90 00 00 00 05 00 1F 00 8D 00 10 00 91 00 00 00 
　　　　0D 00 00 00 93 0D 00 00 
　　　　43 00 00 00 05 00 00 00 ：【05】
　　　　42 00 00 00 02 00 00 00 ：【02】
　　　　0D 00 00 00 91 0D 00 00 
　　　　7A 00 08 00 
　　　　02 00 40 00 
　　　　43 00 00 00 05 00 00 00 ：【05】
　　　　42 00 00 00 03 00 00 00 ：【03】
　　　　0D 00 00 00 92 0D 00 00 
　　　　7A 00 04 00 
　　　　02 00 40 00 
　　　　79 00 A9 03 04 00 00 00 ： なんの曲？
　　　　14 00 00 00 
　　　　42 00 00 00 05 00 00 00 ：【05】
　　　　8C 00 04 00 90 00 00 00 05 00 4C 00 
　　　　02 00 60 00 
　　　　76 00 52 00 
　　　　8D 00 04 00 91 00 00 00 
　　　　0D 00 00 00 94 0D 00 00 
　　　　CC 00 00 00 C8 91 D8 08 98 00 00 00 ： 負傷イベント
　　　　8C 00 04 00 90 00 00 00 05 00 5B 00 
　　　　74 00 6E 00 
　　　　7F 00 27 00 
　　　　02 00 01 00 01 00 00 00 
　　　　0A 00 00 00 00 00 00 00
　　　　

■この章で使われたフラグ
