※作業の高速化のため表記を省略しています。

２８章　勇者ローラン

離脱ポイントX: Y:

■ワールドマップシーン

■イベント条件群

−ターン条件−
D6DB98　02 00 00 00 A0 56 D8 08 01 00 00 00 00 00 00 00 
　　　　02 00 00 00 40 57 D8 08 0A 00 00 00 05 00 00 00 
　　　　00 00 00 00 ： ターン条件終わり
−会話条件−
D6DBBC　00 00 00 00 ： 会話条件終わり
−オブジェクト指定−
D6DBC0  07 00 08 00 6D 00 00 00 10 0F 12 00 
　　　　07 00 09 00 6C 00 00 00 04 0C 12 00 
　　　　07 00 0A 00 8D 00 00 00 1C 01 12 00 
　　　　00 00 00 00 ： オブジェクト指定終わり
−常時条件＆範囲条件−
D6DBE8  01 00 00 00 1C F7 D6 08 65 00 00 00 
　　　　0B 00 00 00 F8 56 D8 08 04 01 04 01 
　　　　00 00 00 00 ： 常時条件＆範囲条件終わり
−アドレス群−
D6DC04　98 DB D6 08 ： ターン条件へ
　　　　BC DB D6 08 ： 会話条件へ
　　　　C0 DB D6 08 ： オブジェクト指定へ
　　　　E8 DB D6 08 ： 常時条件＆範囲条件へ
　　　　43 F5 D6 08 ： アーチの配置(エリウッド編)
　　　　77 F6 D6 08 ： アーチの配置(ヘクトル編)
　　　　50 53 DA 08 ： 敵軍初期配置(エリウッド編ノーマル)
　　　　50 53 DA 08 ： 敵軍初期配置(エリウッド編ハード)
　　　　50 53 DA 08 ： 敵軍初期配置(ヘクトル編ノーマル)
　　　　C0 54 DA 08 ： 敵軍初期配置(ヘクトル編ハード)
　　　　E0 52 DA 08 ： 自軍初期配置(エリウッド編ノーマル)
　　　　20 53 DA 08 ： 自軍初期配置(エリウッド編ハード)
　　　　E0 52 DA 08 ： 自軍初期配置(ヘクトル編ノーマル)
　　　　20 53 DA 08 ： 自軍初期配置(ヘクトル編ハード)
　　　　68 56 D8 08 ： 開始イベント
　　　　2C 58 D8 08 ： 終了イベント
               
■イベント内容
D85668　7B 00 00 00 
　　　　3B 00 00 00 
　　　　8C 00 10 00 90 00 00 00 05 00 57 00 8D 00 10 00 91 00 00 00 
　　　　0D 00 00 00 EF 0D 00 00 
　　　　7C 00 00 00 
　　　　8C 00 10 00 90 00 00 00 
　　　　0B 00 00 00 00 00 00 00 

D856A0　34 00 00 00 E0 52 DA 08 39 00 00 00 
　　　　0C 00 00 00 
　　　　47 00 00 00 07 00 00 00 2D AE 07 08 ：【07】軍師が居ない
　　　　55 00 00 00 07 00 00 00 01 00 00 00 ：【07】エリウッドがいない
　　　　7A 00 04 00 
　　　　1E 00 01 00 
　　　　65 00 00 00 01 00 00 00 
　　　　76 00 0B 00 
　　　　0D 00 00 00 F0 0D 00 00 09 00 00 00 
　　　　42 00 00 00 07 00 00 00 ：【07】
　　　　0A 00 00 00 00 00 00 00

D856F8　47 00 00 00 09 00 00 00 65 AD 07 08 ：【09】満たさない
　　　　4C 00 00 00 09 00 00 00 02 00 00 00 ：【09】
　　　　56 00 00 00 2C 58 D8 08 ： 勝利イベントへ
　　　　42 00 00 00 09 00 00 00 ：【09】
　　　　0A 00 00 00 00 00 00 00

D85728　0A 00 00 00 00 00 00 00

D85730　0A 00 00 00 00 00 00 00

D85738　0A 00 00 00 00 00 00 00

D85740　73 00 00 00 0B 00 0D 00 00 0F 00 00 
　　　　73 00 00 00 1A 00 01 00 00 0F 00 00 
　　　　73 00 00 00 10 00 05 00 00 0F 00 00 
　　　　73 00 00 00 05 00 0D 00 00 0F 00 00 
　　　　73 00 00 00 04 00 08 00 00 0F 00 00 
　　　　73 00 00 00 09 00 03 00 00 0F 00 00 
　　　　73 00 00 00 0C 00 0C 00 00 0F 00 00 
　　　　73 00 00 00 0A 00 01 00 00 0F 00 00 
　　　　73 00 00 00 0C 00 00 00 00 0F 00 00 
　　　　73 00 00 00 15 00 06 00 00 0F 00 00 
　　　　73 00 00 00 1C 00 09 00 00 0F 00 00 
　　　　73 00 00 00 17 00 09 00 00 0F 00 00 
　　　　73 00 00 00 15 00 01 00 00 0F 00 00 
　　　　73 00 00 00 11 00 0B 00 00 0F 00 00 
　　　　73 00 00 00 04 00 0A 00 00 0F 00 00 
　　　　73 00 00 00 1D 00 0C 00 00 0F 00 00 
　　　　73 00 00 00 0C 00 04 00 00 0F 00 00 
　　　　73 00 00 00 0D 00 06 00 00 0F 00 00 
　　　　73 00 00 00 17 00 05 00 00 0F 00 00 
　　　　0A 00 00 00 00 00 00 00

D8582C　7A 00 04 00 
　　　　3C 00 00 00 35 E7 07 08 ： 不明
　　　　3C 00 00 00 D1 A5 07 08 ： 不明
　　　　02 00 40 00 
　　　　76 00 A8 03 
　　　　7B 00 00 00 
　　　　8C 00 04 00 90 00 00 00 
　　　　3C 00 00 00 DD B2 07 08 ： 不明
　　　　05 00 58 00 8D 00 04 00 91 00 00 00 
　　　　0D 00 00 00 F4 0D 00 00 
　　　　7A 00 04 00 
　　　　02 00 32 00 
　　　　79 00 37 00 04 00 00 00 
　　　　14 00 00 00 
　　　　7A 00 04 00 
　　　　8C 00 04 00 90 00 00 00 
　　　　02 00 40 00 
　　　　05 00 1C 00 
　　　　76 00 A4 03 
　　　　8D 00 04 00 91 00 00 00 
　　　　0D 00 00 00 F5 0D 00 00 
　　　　7A 00 06 00 
　　　　8C 00 04 00 90 00 00 00 
　　　　3C 00 00 00 2D B3 07 08 ： 不明
　　　　82 00 00 00 28 00 00 00 01 00 00 00 00 00 00 00 
　　　　1D 00 0C 00 
　　　　30 00 00 00 30 56 DA 08 39 00 00 00 
　　　　02 00 40 00 
　　　　76 00 A8 03 
　　　　8D 00 04 00 91 00 00 00 
　　　　02 00 40 00 
　　　　0D 00 00 00 F6 0D 00 00 09 00 00 00 
　　　　02 00 40 00 
　　　　7D 00 EA 02 
　　　　8E 00 04 00 90 00 00 00 
　　　　6D 00 00 00 02 00 00 00 
　　　　6D 00 00 00 2D 00 00 00 
　　　　8F 00 04 00 91 00 00 00 
　　　　02 00 80 00 
　　　　7A 00 04 00 
　　　　8C 00 04 00 90 00 00 00 
　　　　02 00 40 00 
　　　　05 00 1C 00 
　　　　76 00 A4 03 
　　　　8D 00 04 00 91 00 00 00 
　　　　0D 00 00 00 F7 0D 00 00 
　　　　8C 00 04 00 90 00 00 00 
　　　　8B 00 00 00 ： 不明
　　　　02 00 40 00 
　　　　3C 00 00 00 2D B3 07 08 ： 不明
　　　　82 00 00 00 3F 00 00 00 00 00 00 00 00 00 00 00 
　　　　30 00 00 00 80 56 DA 08 
　　　　58 00 01 00 2D AE 07 08 
　　　　37 00 00 00 CD 00 51 00 07 00 04 00 39 00 00 00 
　　　　8D 00 04 00 91 00 00 00 
　　　　02 00 40 00 
　　　　30 00 00 00 C0 56 DA 08 39 00 00 00 
　　　　30 00 00 00 E0 56 DA 08 
　　　　CC 00 00 00 C8 91 D8 08 98 00 00 00 ： 負傷イベント
　　　　09 00 00 00 
　　　　02 00 40 00 
　　　　65 00 00 00 02 00 00 00 
　　　　02 00 10 00 
　　　　CC 00 00 00 6C 50 D8 08 98 00 00 00 ： D8506Cへ
　　　　8C 00 04 00 90 00 00 00 05 00 5B 00 
　　　　7F 00 2A 00 
　　　　02 00 01 00 01 00 00 00 
　　　　0A 00 00 00 00 00 00 00

■トラップの配置
D6F677　05 02 0C 01 01 01 
　　　　05 08 0F 03 01 01 
　　　　05 0F 07 03 01 01 
　　　　05 09 0A 01 01 01 
　　　　05 14 04 01 01 01 
　　　　05 09 0C 02 01 01 
　　　　05 08 08 00 01 01 
　　　　05 0D 0E 03 01 01 
　　　　05 15 0F 03 01 01 
　　　　05 14 0B 02 01 01 
　　　　05 10 08 02 01 01 
　　　　05 11 06 03 01 01 
　　　　05 1B 05 02 01 01 
　　　　05 19 09 00 01 01 
　　　　00 00 00

■この章で使われたフラグ
