※作業の高速化のため表記を省略しています。

２８章　勇者ローラン

離脱ポイントX: Y:

■ワールドマップシーン

■イベント条件群

−ターン条件−
D6DB10　02 00 00 00 9C 4C D8 08 01 00 00 00 
　　　　00 00 00 00 ： ターン条件終わり
−会話条件−
D6DB24　00 00 00 00 ： 会話条件終わり
−オブジェクト指定−
D6DB38　03 00 07 00 2C 4D D8 08 14 64 00 00 03 00 6F 00 00 00 00 00 
　　　　00 00 00 00 ： オブジェクト指定終わり
−常時条件＆範囲条件−
D6DB3C　01 00 00 00 1C F7 D6 08 65 00 00 00 
　　　　0B 00 00 00 FC 4C D8 08 08 03 08 03 
　　　　00 00 00 00： 常時条件＆範囲条件終わり
−アドレス群−
D6DB58　10 DB D6 08 ： ターン条件へ
　　　　24 DB D6 08 ： 会話条件へ
　　　　38 DB D6 08 ： オブジェクト指定へ
　　　　3C DB D6 08 ： 常時条件＆範囲条件へ
　　　　AC F4 D6 08 ： アーチの配置(エリウッド編)
　　　　76 F6 D6 08 ： アーチの配置(ヘクトル編)
　　　　A0 4C DA 08 ： 敵軍初期配置(エリウッド編ノーマル)
　　　　60 4E DA 08 ： 敵軍初期配置(エリウッド編ハード)
　　　　50 4E DA 08 ： 敵軍初期配置(ヘクトル編ノーマル)
　　　　A0 4C DA 08 ： 敵軍初期配置(ヘクトル編ハード)
　　　　00 4C DA 08 ： 自軍初期配置(エリウッド編ノーマル)
　　　　60 4C DA 08 ： 自軍初期配置(エリウッド編ハード)
　　　　00 4C DA 08 ： 自軍初期配置(ヘクトル編ノーマル)
　　　　60 4C DA 08 ： 自軍初期配置(ヘクトル編ハード)
　　　　4C 4B D8 08 ： 開始イベント
　　　　60 4D D8 08 ： 終了イベント
               
■イベント内容
D84B4C　8C 00 04 00 90 00 00 00 
　　　　3C 00 00 00 2D B3 07 08 ： 不明
　　　　82 00 00 00 2F 00 00 00 0D 00 00 00 06 00 00 00 
　　　　30 00 00 00 B0 50 DA 08 39 00 00 00 
　　　　8D 00 04 00 91 00 00 00 
　　　　02 00 40 00 
　　　　8C 00 10 00 90 00 00 00 05 00 53 00 8D 00 04 00 91 00 00 00 
　　　　0D 00 00 00 C9 0D 00 00 
　　　　7A 00 06 00 
　　　　8E 00 04 00 90 00 00 00 
　　　　02 00 40 00 
　　　　3C 00 00 00 BD EB 00 08 ： 不明
　　　　02 00 00 00 
　　　　D6 00 11 00 
　　　　8F 00 04 00 91 00 00 00 
　　　　02 00 40 00 
　　　　D2 00 00 00 CA 0D 00 00 01 00 00 00 
　　　　02 00 40 00 
　　　　DD 00 00 00 12 00 00 00 
　　　　04 00 00 00 
　　　　02 00 40 00 
　　　　DD 00 00 00 13 00 00 00 
　　　　04 00 00 00 
　　　　02 00 40 00 
　　　　D2 00 00 00 CB 0D 00 00 01 00 00 00 
　　　　02 00 40 00 
　　　　8C 00 04 00 90 00 00 00 
　　　　3C 00 00 00 2D B3 07 08 ： 不明
　　　　82 00 00 00 3F 00 00 00 00 00 00 00 00 00 00 00 
　　　　02 00 20 00 
　　　　8D 00 04 00 91 00 00 00 
　　　　02 00 40 00 
　　　　64 00 00 00 04 00 02 00 
　　　　8C 00 10 00 90 00 00 00 05 00 55 00 
　　　　76 00 A8 03 
　　　　8D 00 10 00 91 00 00 00 
　　　　DA 00 00 00 E9 05 00 00 78 00 0C 00 
　　　　02 00 64 00 
　　　　DB 00 00 00 
　　　　02 00 10 00 
　　　　0D 00 00 00 CC 0D 00 00 
　　　　8C 00 10 00 90 00 00 00 
　　　　82 00 00 00 28 00 00 00 00 00 00 00 00 00 00 00 
　　　　0B 00 00 00 00 00 00 00

D84C9C　36 00 00 00 00 4C DA 08 60 4C DA 08 00 4C DA 08 60 4C DA 08 
　　　　0C 00 00 00 
　　　　47 00 00 00 07 00 00 00 2D AE 07 08 ：【07】満たさない
　　　　55 00 00 00 07 00 00 00 02 00 00 00 ：【07】ヘクトルがいない
　　　　7A 00 04 00 
　　　　1E 00 02 00 
　　　　65 00 00 00 02 00 00 00 
　　　　76 00 0B 00 
　　　　0D 00 00 00 CD 0D 00 00 09 00 00 00 
　　　　42 00 00 00 07 00 00 00 ：【07】
　　　　0A 00 00 00 00 00 00 00

D84CFC　47 00 00 00 09 00 00 00 65 AD 07 08 ：【09】満たさない
　　　　4C 00 00 00 09 00 00 00 01 00 00 00 ：【09】エリウッド以外で訪問した場合
　　　　56 00 00 00 60 4D D8 08 ： 勝利イベントへ
　　　　42 00 00 00 09 00 00 00 ： 【09】　
　　　　0A 00 00 00 00 00 00 00

D84D2C　0A 00 00 00 00 00 00 00

D84D34　0A 00 00 00 00 00 00 00

D84D3C　0A 00 00 00 00 00 00 00

D84D44　00 00 00 00 ： この辺不明
　　　　84 2D 1C 08 
　　　　80 36 1C 08 
　　　　00 00 00 02 
　　　　0C 01 00 00 
　　　　00 00 01 05 
　　　　00 00 80 00

D84D60　3C 00 00 00 D5 E5 07 08 ： 不明
　　　　3C 00 00 00 D1 A5 07 08 ： 不明
　　　　3B 00 00 00 
　　　　76 00 A8 03 
　　　　8C 00 04 00 90 00 00 00 
　　　　02 00 40 00 
　　　　3C 00 00 00 2D B3 07 08 ： 不明
　　　　2D 00 00 00 01 00 00 00 08 00 03 00 
　　　　20 00 08 00 
　　　　8D 00 04 00 91 00 00 00 
　　　　1D 00 06 04 
　　　　CD 00 00 00 06 00 04 00 01 00 00 00 
　　　　37 00 00 00 27 00 42 00 06 00 04 00 
　　　　40 00 00 00 21 0F 02 08 ： マップのユニットを消す
　　　　65 00 00 00 01 00 00 00 
　　　　0D 00 00 00 D1 0D 00 00 09 00 00 00 
　　　　25 00 00 00 27 00 00 00 07 00 03 00 08 00 00 00 39 00 00 00 
　　　　0D 00 00 00 D2 0D 00 00 
　　　　11 00 00 00 D4 0D 00 00 09 00 00 00 
　　　　02 00 40 00 
　　　　25 00 00 00 01 00 00 00 0A 00 03 00 0E 00 00 00 39 00 00 00 
　　　　25 00 00 00 27 00 00 00 08 00 03 00 08 00 00 00 39 00 00 00 
　　　　7A 00 04 00 
　　　　02 00 40 00 
　　　　8C 00 10 00 90 00 00 00 05 00 56 00 8D 00 10 00 91 00 00 00 
　　　　76 00 37 00 
　　　　0D 00 00 00 D5 0D 00 00 
　　　　49 00 00 00 ： 不明
　　　　0B 00 00 00 1C 00 00 00 
　　　　02 00 10 00 
　　　　7D 00 E9 02 
　　　　8E 00 10 00 90 00 00 00 
　　　　8F 00 10 00 91 00 00 00 
　　　　11 00 00 00 D6 0D 00 00 
　　　　49 00 00 00 0B 00 00 00 ：【0B】
　　　　1C 00 00 00 
　　　　02 00 10 00 
　　　　7D 00 EB 02 
　　　　8E 00 10 00 90 00 00 00 
　　　　11 00 00 00 D7 0D 00 00 
　　　　49 00 00 00 0B 00 00 00 ：【0B】
　　　　1C 00 00 00 
　　　　8F 00 04 00 91 00 00 00 
　　　　14 00 00 00 
　　　　7D 00 ED 02 
　　　　8E 00 04 00 90 00 00 00 
　　　　02 00 40 00 
　　　　14 00 00 00 
　　　　49 00 00 00 0B 00 00 00 ：【0B】 
　　　　8F 00 04 00 91 00 00 00 
　　　　02 00 20 00 
　　　　43 00 00 00 0C 00 00 00 ：【0C】
　　　　42 00 00 00 0B 00 00 00 ：【0B】
　　　　3C 00 00 00 BD EB 00 08 
　　　　02 00 00 00 
　　　　42 00 00 00 0C 00 00 00 ：【0C】
　　　　09 00 00 00 
　　　　02 00 10 00 
　　　　25 00 00 00 27 00 00 00 07 00 03 00 08 00 00 00 39 00 00 00 
　　　　0D 00 00 00 D8 0D 00 00 09 00 00 00 
　　　　3C 00 00 00 E1 E5 07 08 ： 不明
　　　　0D 00 00 00 D9 0D 00 00 09 00 00 00 
　　　　02 00 40 00 
　　　　25 00 00 00 01 00 00 00 08 00 03 00 0E 00 00 00 39 00 00 00 
　　　　25 00 00 00 27 00 00 00 06 00 03 00 0A 00 00 00 39 00 00 00 
　　　　02 00 3C 00 
D84F34　3C 00 00 00 25 E6 07 08 ： 短いフラッシュ
　　　　02 00 3C 00 
　　　　7D 00 69 02 
　　　　02 00 64 00 
D84F8C　3C 00 00 00 D1 15 02 08 ： 不明
　　　　8C 00 10 00 90 00 00 00 05 00 56 00 8D 00 10 00 91 00 00 00 
　　　　0D 00 00 00 DA 0D 00 00 
　　　　8C 00 04 00 90 00 00 00 
　　　　8B 00 00 00 ： 不明
　　　　7A 00 06 00 
　　　　02 00 3C 00 
　　　　3C 00 00 00 2D B3 07 08 ： 不明
　　　　82 00 00 00 3F 00 00 00 00 00 00 00 00 00 00 00 
　　　　76 00 A4 03 
　　　　30 00 00 00 20 51 DA 08 
　　　　58 00 01 00 2D AE 07 08 ： 不明
　　　　37 00 00 00 CD 00 51 00 07 00 04 00 39 00 00 00 
　　　　8D 00 04 00 91 00 00 00 
　　　　02 00 3C 00 
　　　　30 00 00 00 E0 50 DA 08 39 00 00 00 
　　　　30 00 00 00 00 51 DA 08 
　　　　CC 00 00 00 C8 91 D8 08 ： 負傷イベント
　　　　98 00 00 00 
　　　　09 00 00 00 
　　　　02 00 3C 00 
　　　　65 00 00 00 01 00 00 00 
　　　　02 00 10 00 
　　　　CC 00 00 00 6C 50 D8 08 ： D8506Cへ
　　　　98 00 00 00 
　　　　8C 00 04 00 90 00 00 00 05 00 5B 00 
　　　　7F 00 2A 00 
　　　　02 00 01 00 01 00 00 00 
　　　　0A 00 00 00 00 00 00


D8506C　76 00 A4 03 
　　　　8C 00 10 00 90 00 00 00 05 00 1C 00 8D 00 10 00 91 00 00 00 
　　　　0D 00 00 00 DB 0D 00 00 
　　　　1C 00 00 00 
　　　　7D 00 EA 02 
　　　　8E 00 40 00 90 00 00 00 
　　　　02 00 10 00 
　　　　8F 00 40 00 91 00 00 00 
　　　　7A 00 01 00 
　　　　11 00 00 00 DC 0D 00 00 
　　　　76 00 35 00 
　　　　3C 00 00 00 BD EB 00 08 ： 不明
　　　　02 00 00 00 
　　　　DD 00 00 00 14 00 00 00 
　　　　02 00 00 00 
　　　　7D 00 E3 00 
　　　　02 00 80 00 
　　　　E6 00 00 00 
　　　　E5 00 00 00 FF FF 00 00 08 00 00 00 C0 00 03 0C 
　　　　0D 00 00 00 DD 0D 00 00 
　　　　8C 00 10 00 90 00 00 00 
　　　　3C 00 00 00 BD EB 00 08 ： 不明
　　　　02 00 00 00 
　　　　05 00 5B 00 
　　　　02 00 28 00 
　　　　7D 00 F0 00 
　　　　3C 00 00 00 3D E6 07 08 ： 不明
　　　　02 00 5A 00 
　　　　D6 00 21 00 
　　　　7D 00 E5 00 
　　　　8D 00 02 00 91 00 00 00 
　　　　02 00 80 00 
　　　　8C 00 04 00 90 00 00 00 
　　　　3C 00 00 00 D1 B3 07 08 ： 不明
　　　　2D 00 00 00 01 00 00 00 06 00 06 00 
　　　　2D 00 00 00 2D 00 00 00 05 00 04 00 
　　　　2D 00 00 00 01 00 00 00 06 00 05 00 
　　　　E8 00 00 00 44 4D D8 08 80 00 48 00 ： 何かしらのエフェクト
　　　　8D 00 04 00 91 00 00 00 
　　　　02 00 64 00 
　　　　30 00 00 00 60 51 DA 08 39 00 00 00 
　　　　E9 00 00 00 
　　　　3D 00 00 00 85 B6 07 08 ： 横揺れエフェクトとSE
　　　　02 00 05 00 
　　　　3C 00 00 00 C9 B7 07 08 ： 揺れを止める
　　　　02 00 05 00 
　　　　3D 00 00 00 C9 B6 07 08 ： 大きい縦揺れとSE
　　　　02 00 10 00 
　　　　3C 00 00 00 A1 B7 07 08 ： 揺れを止める
　　　　26 00 00 00 02 00 00 00 10 4B D8 08 
　　　　26 00 00 00 2D 00 00 00 16 4B D8 08 
　　　　26 00 00 00 27 00 00 00 1C 4B D8 08 
　　　　58 00 01 00 2D AE 07 08 ： 不明
　　　　26 00 00 00 CD 00 00 00 22 4B D8 08 39 00 00 00 
　　　　8C 00 10 00 90 00 00 00 05 00 1C 00 8D 00 10 00 91 00 00 00 
　　　　0D 00 00 00 DE 0D 00 00 
　　　　7A 00 02 00 
　　　　14 00 00 00 
　　　　09 00 00 00 
　　　　1D 00 08 08 
　　　　CD 00 00 00 08 00 08 00 01 00 00 00 
　　　　30 00 00 00 80 51 DA 08 39 00 00 00 
　　　　40 00 00 00 21 0F 02 08 ： ワープとセット
　　　　02 00 40 00 
　　　　76 00 4A 00 
　　　　8C 00 10 00 90 00 00 00 05 00 1C 00 8D 00 10 00 91 00 00 00 
　　　　0D 00 00 00 DF 0D 00 00 09 00 00 00 
　　　　02 00 40 00 
　　　　1D 00 03 04 
　　　　CD 00 00 00 03 00 04 00 00 00 00 00 
　　　　6D 00 00 00 26 00 00 00 
　　　　40 00 00 00 21 0F 02 08 ： ワープとセット
　　　　1D 00 09 08 
　　　　CD 00 00 00 09 00 08 00 01 00 00 00 
　　　　2D 00 00 00 26 00 00 00 09 00 08 00 
　　　　40 00 00 00 21 0F 02 08 ： ワープとセット
　　　　02 00 40 00 
　　　　25 00 00 00 01 00 00 00 06 00 07 00 10 00 00 00 
　　　　26 00 00 00 02 00 00 00 28 4B D8 08 
　　　　26 00 00 00 2D 00 00 00 2F 4B D8 08 
　　　　26 00 00 00 27 00 00 00 37 4B D8 08 
　　　　58 00 01 00 2D AE 07 08 
　　　　25 00 00 00 CD 00 00 00 04 00 05 00 0C 00 00 00 39 00 00 00 
　　　　02 00 40 00 
　　　　8C 00 10 00 90 00 00 00 05 00 1C 00 8D 00 10 00 91 00 00 00 
　　　　0D 00 00 00 E0 0D 00 00 
　　　　47 00 00 00 11 00 00 00 45 AC 07 08 ：【11】満たさない
　　　　76 00 36 00 
　　　　11 00 00 00 E1 0D 00 00 09 00 00 00 
　　　　7A 00 04 00 
　　　　3C 00 00 00 A5 E6 07 08 ： 不明
　　　　02 00 B4 00 
　　　　3C 00 00 00 1D E7 07 08 ： 不明
　　　　3C 00 00 00 59 E6 07 08 ： 不明
　　　　30 00 00 00 A0 51 DA 08 39 00 00 00 
　　　　8C 00 10 00 90 00 00 00 05 00 1C 00 8D 00 10 00 91 00 00 00 
　　　　76 00 68 00 
　　　　0D 00 00 00 E2 0D 00 00 09 00 00 00 
　　　　02 00 40 00 
　　　　26 00 00 00 01 00 00 00 3D 4B D8 08 
　　　　25 00 00 00 02 00 00 00 05 00 05 00 0C 00 00 00 
　　　　26 00 00 00 2D 00 00 00 43 4B D8 08 39 00 00 00 
　　　　02 00 40 00 
　　　　8C 00 04 00 90 00 00 00 
　　　　02 00 10 00 
　　　　05 00 1C 00 8D 00 04 00 91 00 00 00 
　　　　0D 00 00 00 E3 0D 00 00 
　　　　11 00 00 00 E4 0D 00 00 
　　　　43 00 00 00 12 00 00 00 ：【12】
　　　　42 00 00 00 11 00 00 00 ：【11】
　　　　76 00 36 00 
　　　　11 00 00 00 E5 0D 00 00 09 00 00 00 
　　　　7A 00 04 00 
　　　　3C 00 00 00 A5 E6 07 08 ： ニニアンビクビク
　　　　02 00 B4 00 
　　　　3C 00 00 00 1D E7 07 08 ： ニニアンが人に戻る
　　　　3C 00 00 00 59 E6 07 08 ： エフェクトが終わるまでウェイト？
　　　　30 00 00 00 A0 51 DA 08 39 00 00 00 
　　　　8C 00 10 00 90 00 00 00 05 00 1C 00 8D 00 10 00 91 00 00 00 
　　　　76 00 3A 00 
　　　　0D 00 00 00 E6 0D 00 00 09 00 00 00 
　　　　02 00 40 00 
　　　　26 00 00 00 01 00 00 00 3D 4B D8 08 
　　　　25 00 00 00 02 00 00 00 05 00 05 00 0C 00 00 00 
　　　　26 00 00 00 2D 00 00 00 43 4B D8 08 39 00 00 00 
　　　　02 00 40 00 
　　　　8C 00 04 00 90 00 00 00 
　　　　02 00 10 00 
　　　　05 00 1C 00 8D 00 04 00 91 00 00 00 
　　　　0D 00 00 00 E7 0D 00 00 
　　　　7A 00 01 00 14 00 00 00 
　　　　42 00 00 00 12 00 00 00 ：【12】
　　　　3C 00 00 00 BD EB 00 08 ： 会話シーンの顔グラと吹き出しを消す
　　　　02 00 00 00 
　　　　DD 00 00 00 16 00 00 00 
　　　　02 00 00 00 
　　　　02 00 40 00 
　　　　D2 00 00 00 E8 0D 00 00 01 00 00 00 
　　　　02 00 C0 00 
　　　　76 00 35 00 
　　　　DD 00 00 00 15 00 00 00 
　　　　04 00 00 00 
　　　　02 00 5E 00 
　　　　D2 00 00 00 E9 0D 00 00 01 00 00 00 
　　　　D4 00 00 00 EA 0D 00 00 01 00 00 00 
　　　　8C 00 10 00 90 00 00 00 
　　　　3C 00 00 00 D1 B3 07 08 ： 会話シーンからマップに画面を移す
　　　　8D 00 10 00 91 00 00 00 
　　　　24 00 00 00 27 00 00 00 07 00 07 00 39 00 00 00 
　　　　95 00 00 00 27 00 00 00 44 00 00 00 58 4D D8 08 00 00 00 00 ：強制戦闘
　　　　71 00 00 00 27 00 00 00 02 00 00 00 
　　　　02 00 40 00 
　　　　25 00 00 00 27 00 00 00 06 00 07 00 20 00 00 00 39 00 00 00 
　　　　02 00 40 00 
　　　　8C 00 10 00 90 00 00 00 05 00 1C 00 8D 00 10 00 91 00 00 00 
　　　　0D 00 00 00 EB 0D 00 00 09 00 00 00 
　　　　25 00 00 00 02 00 00 00 05 00 07 00 10 00 00 00 
　　　　25 00 00 00 2D 00 00 00 06 00 06 00 10 00 00 00 
　　　　7A 00 04 00 
　　　　CD 00 00 00 08 00 08 00 00 00 00 00 
　　　　69 00 00 00 44 00 00 00 
　　　　40 00 00 00 21 0F 02 08 ： ワープとセット
　　　　58 00 01 00 2D AE 07 08 ： 不明
　　　　25 00 00 00 CD 00 00 00 04 00 06 00 0A 00 00 00 39 00 00 00 
　　　　02 00 40 00 
　　　　65 00 00 00 02 00 00 00 
　　　　02 00 40 00 
　　　　8C 00 10 00 90 00 00 00 05 00 1C 00 8D 00 10 00 91 00 00 00 
　　　　0D 00 00 00 EC 0D 00 00 
　　　　76 00 69 00 
　　　　11 00 00 00 ED 0D 00 00 
　　　　3C 00 00 00 BD EB 00 08 ： 会話シーンの顔グラと吹き出しを消す
　　　　02 00 00 00 
　　　　DD 00 00 00 17 00 00 00 04 00 00 00 
　　　　02 00 3C 00 
　　　　D2 00 00 00 EE 0D 00 00 01 00 00 00 
　　　　02 00 2C 01 
　　　　0A 00 00 00 00 00 00 00


■トラップの配置
D6F4AC　04 0B 0C 00 01 01 
　　　　04 0A 0D 00 01 01 
　　　　04 09 0E 00 01 01 
　　　　04 0B 0E 00 01 01 
　　　　04 10 0E 00 01 01 
　　　　04 10 0D 00 01 01 
　　　　04 10 10 00 01 01 
　　　　04 10 11 00 01 01 
　　　　04 0E 10 00 01 01 
　　　　04 10 13 00 01 01 
　　　　04 0F 19 00 01 01 
　　　　04 08 15 00 01 01 
　　　　04 09 14 00 01 01 
　　　　04 09 12 00 01 01 
　　　　04 05 12 00 01 01 
　　　　04 05 14 00 01 01 
　　　　04 04 15 00 01 01 
　　　　04 00 10 00 01 01 
　　　　04 00 0E 00 01 01 
　　　　04 04 0E 00 01 01 
　　　　04 03 0C 00 01 01 
　　　　04 07 0C 00 01 01 
　　　　04 03 0A 00 01 01 
　　　　04 03 08 00 01 01 
　　　　04 0D 08 00 01 01 
　　　　00 00 00 00

■この章で使われたフラグ
