※作業の高速化のため表記を省略しています。

３１章外伝　戦支度

離脱ポイントX: Y:

■ワールドマップシーン

■イベント条件群

−ターン条件−
D6DF90　02 00 00 00 0C 63 D8 08 01 00 00 00 00 00 00 00 
　　　　02 00 00 00 4C 66 D8 08 06 00 00 00 00 00 00 00 
　　　　00 00 00 00 ： ターン条件終わり
−会話条件−
D6DFB4　04 00 06 00 DC 63 D8 08 02 2D 00 00 6D AC 07 08 
　　　　04 00 06 00 DC 63 D8 08 2D 02 00 00 6D AC 07 08 
　　　　03 00 07 00 FC 63 D8 08 02 23 00 00 02 00 00 00 
　　　　03 00 07 00 FC 63 D8 08 23 02 00 00 02 00 00 00 
　　　　03 00 08 00 18 64 D8 08 02 11 00 00 02 00 00 00 
　　　　03 00 08 00 18 64 D8 08 11 02 00 00 02 00 00 00 
　　　　03 00 09 00 40 64 D8 08 09 37 00 00 02 00 00 00 
　　　　00 00 00 00 ： 会話条件終わり
−オブジェクト指定−
D6E028　05 00 00 00 00 65 D8 08 0D 08 0E 00 
　　　　0A 00 00 00 AC F3 D6 08 07 03 13 00 
　　　　0A 00 00 00 BA F3 D6 08 0A 02 13 00 
　　　　0A 00 00 00 CA F3 D6 08 0D 02 13 00 
　　　　0A 00 00 00 D8 F3 D6 08 0A 08 13 00 
　　　　0A 00 00 00 E6 F3 D6 08 01 04 14 00 
　　　　0A 00 00 00 F6 F3 D6 08 0C 05 14 00 
　　　　00 00 00 00 ： オブジェクト指定終わり
−常時条件＆範囲条件−
D6E080　01 00 00 00 1C F7 D6 08 65 00 00 00 
　　　　01 00 0A 00 6C 65 D8 08 09 00 00 00 
　　　　00 00 00 00 ： 常時条件＆範囲条件終わり

−アドレス群−
D6E09C　90 DF D6 08 ： ターン条件へ
　　　　B4 DF D6 08 ： 会話条件へ
　　　　28 E0 D6 08 ： オブジェクト指定へ
　　　　80 E0 D6 08 ： 常時条件＆範囲条件へ
　　　　45 F5 D6 08 ： アーチの配置(エリウッド編)
　　　　CD F6 D6 08 ： アーチの配置(ヘクトル編)
　　　　AC 6C DA 08 ： 敵軍初期配置(エリウッド編ノーマル)
　　　　AC 6C DA 08 ： 敵軍初期配置(エリウッド編ハード)
　　　　AC 6C DA 08 ： 敵軍初期配置(ヘクトル編ノーマル)
　　　　AC 6C DA 08 ： 敵軍初期配置(ヘクトル編ハード)
　　　　FC 6B DA 08 ： 自軍初期配置(エリウッド編ノーマル)
　　　　FC 6B DA 08 ： 自軍初期配置(エリウッド編ハード)
　　　　FC 6B DA 08 ： 自軍初期配置(ヘクトル編ノーマル)
　　　　FC 6B DA 08 ： 自軍初期配置(ヘクトル編ハード)
　　　　18 62 D8 08 ： 開始イベント
　　　　4C 66 D8 08 ： 終了イベント
               

■イベント内容

D86218　30 00 00 00 BC 6C DA 08 
　　　　39 00 00 00 
　　　　30 00 00 00 0C 6D DA 08 
　　　　58 00 01 00 2D AE 07 08 ： 不明(軍師関連のなにか)
　　　　37 00 00 00 CD 00 51 00 03 00 04 00 
　　　　39 00 00 00 
　　　　8C 00 10 00 
　　　　90 00 00 00 ： 不明
　　　　05 00 10 00 
　　　　8D 00 10 00 
　　　　91 00 00 00 ： 不明
　　　　0D 00 00 00 21 0E 00 00 
　　　　09 00 00 00 
　　　　02 00 40 00 
　　　　0D 00 00 00 22 0E 00 00 
　　　　47 00 00 00 0A 00 00 00 31 AC 07 08 
　　　　11 00 00 00 24 0E 00 00 
　　　　43 00 00 00 14 00 00 00 ：【14】
　　　　42 00 00 00 0A 00 00 00 ：【0A】
　　　　47 00 00 00 0B 00 00 00 6D AC 07 08 ：【0B】
　　　　11 00 00 00 25 0E 00 00 
　　　　43 00 00 00 14 00 00 00 ：【14】
　　　　42 00 00 00 0B 00 00 00 ：【0B】
　　　　11 00 00 00 23 0E 00 00 
　　　　42 00 00 00 14 00 00 00 ：【14】
　　　　4D 00 00 00 15 00 00 00 ：【15】エリ編の場合飛ぶ
　　　　7B 00 00 00 
　　　　8C 00 10 00 
　　　　90 00 00 00 ： 不明
　　　　05 00 2F 00 
　　　　8D 00 10 00 
　　　　91 00 00 00 ： 不明
　　　　0D 00 00 00 26 0E 00 00 
　　　　7C 00 00 00 
　　　　42 00 00 00 15 00 00 00 ：【15】
　　　　09 00 00 00 
　　　　02 00 3C 00 
　　　　0B 00 00 00 
　　　　00 00 00 00 ： 編成画面へ

D8630C　34 00 00 00 FC 6B DA 08 
　　　　39 00 00 00 
　　　　0C 00 00 00 
　　　　7A 00 04 00 
　　　　02 00 3C 00 
　　　　76 00 06 00 
　　　　0D 00 00 00 27 0E 00 00 
　　　　09 00 00 00 
　　　　84 00 00 00 91 00 00 00 5C 00 01 00 30 75 00 00 
　　　　87 00 00 00 
　　　　47 00 00 00 07 00 00 00 2D AE 07 08 【07】
　　　　55 00 00 00 07 00 00 00 09 00 00 00 
　　　　02 00 3C 00 
　　　　1E 00 09 00 
　　　　65 00 00 00 09 00 00 00 
　　　　0D 00 00 00 28 0E 00 00 
　　　　09 00 00 00 
　　　　42 00 00 00 07 00 00 00 ：【07】
　　　　4D 00 00 00 09 00 00 00 
　　　　47 00 00 00 09 00 00 00 75 E7 07 08 ：【09】
　　　　02 00 3C 00 
　　　　30 00 00 00 7C 6D DA 08 
　　　　39 00 00 00 
　　　　02 00 3C 00 
　　　　64 00 00 00 05 00 07 00 
　　　　0D 00 00 00 29 0E 00 00 
　　　　09 00 00 00 
　　　　26 00 00 00 37 00 00 00 14 62 D8 08 
　　　　42 00 00 00 09 00 00 00 ：【09】
　　　　0A 00 00 00 00 00 00 00

D863DC　77 00 6A 00 
　　　　0F 00 00 00 2F 0E 00 00 30 0E 00 00 
　　　　78 00 06 00 
　　　　09 00 00 00 
　　　　0A 00 00 00 00 00 00 00 

D863FC　77 00 58 00 
　　　　0D 00 00 00 31 0E 00 00 
　　　　09 00 00 00 
　　　　78 00 06 00 
　　　　0A 00 00 00 00 00 00 00 

D86418　77 00 41 00 
　　　　0D 00 00 00 32 0E 00 00 
　　　　09 00 00 00 
　　　　78 00 06 00 
　　　　0A 00 00 00 00 00 00 00 

D86434　00 00 01 00 08 00 08 00 00 00 80 00 
D86440　77 00 AC 03 
　　　　0D 00 00 00 2A 0E 00 00 
　　　　47 00 00 00 05 00 00 00 A5 E7 07 08 ：【05】
　　　　09 00 00 00 
　　　　3C 00 00 00 55 D1 01 08 
　　　　95 00 00 00 09 00 00 00 37 00 00 00 00 00 00 00 00 00 00 01 ： 強制戦闘
　　　　43 00 00 00 08 00 00 00 ：【08】
　　　　42 00 00 00 05 00 00 00 ：【05】
　　　　11 00 00 00 2B 0E 00 00 
　　　　09 00 00 00 
　　　　47 00 00 00 06 00 00 00 F9 E7 07 08 ：【06】
　　　　24 00 00 00 37 00 00 00 FF FF 00 00 
　　　　43 00 00 00 07 00 00 00 ：【07】
　　　　42 00 00 00 06 00 00 00 ：【06】
　　　　24 00 00 00 37 00 00 00 FF FF 07 00 
　　　　42 00 00 00 07 00 00 00 ：【07】
　　　　39 00 00 00 
　　　　69 00 00 00 37 00 00 00 
　　　　74 00 0A 00 
　　　　42 00 00 00 08 00 00 00 ：【08】
　　　　78 00 06 00 
　　　　0A 00 00 00 00 00 00 00 

D864F4　1C 08 00 00 
　　　　1D 08 00 00 
　　　　1E 08 00 00 
　　　　7B 00 00 00 
　　　　8C 00 10 00 
　　　　90 00 00 00 
　　　　05 00 01 00 
　　　　8D 00 10 00 
　　　　91 00 00 00 
　　　　47 00 00 00 05 00 00 00 2D AE 07 08 ：【05】
　　　　4A 00 00 00 05 00 00 00 0C 00 00 00 
　　　　74 00 0C 00 
D86534　16 00 00 00 F4 64 D8 08 ： 不明
　　　　43 00 00 00 07 00 00 00 ：【07】
　　　　42 00 00 00 05 00 00 00 ：【05】
　　　　0D 00 00 00 1F 08 00 00 
　　　　42 00 00 00 07 00 00 00 ：【07】
　　　　09 00 00 00 
　　　　7C 00 00 00 
　　　　0A 00 00 00 00 00 00 00 

D8656C　4D 00 00 00 09 00 00 00 ：【09】
　　　　4C 00 00 00 08 00 00 00 09 00 00 00 ：【08】
　　　　47 00 00 00 05 00 00 00 1D E8 07 08 ：【05】
　　　　70 00 00 00 09 00 00 00 04 00 00 00 
　　　　3C 00 00 00 55 E8 07 08 ： 不明
　　　　6D 00 00 00 09 00 00 00 
　　　　0D 00 00 00 2D 0E 00 00 
　　　　09 00 00 00 
　　　　43 00 00 00 09 00 00 00 ：【09】
　　　　42 00 00 00 05 00 00 00 ：【05】　
　　　　47 00 00 00 07 00 00 00 B1 AB 07 08 ：【07】
　　　　46 00 00 00 06 00 00 00 39 E8 07 08 ：【06】
　　　　77 00 42 00 
　　　　0D 00 00 00 2C 0E 00 00 
　　　　09 00 00 00 
　　　　78 00 06 00 
　　　　63 00 00 00 37 00 00 00 00 00 00 00 
　　　　43 00 00 00 09 00 00 00 ：【09】
　　　　42 00 00 00 06 00 00 00 ：【06】
D8660C　6B 00 00 00 37 00 00 00 ： 不明
　　　　42 00 00 00 07 00 00 00 ：【07】
　　　　0D 00 00 00 2E 0E 00 00 
　　　　09 00 00 00 
　　　　43 00 00 00 09 00 00 00 ：【09】
　　　　42 00 00 00 08 00 00 00 ：【02】
　　　　75 00 0A 00 
　　　　42 00 00 00 09 00 00 00 ：【09】
　　　　0A 00 00 00 00 00 00 00 

D8664C　3C 00 00 00 05 E9 07 08 ： 不明
　　　　3C 00 00 00 D1 A5 07 08 ： 不明
　　　　8C 00 10 00 
　　　　90 00 00 00 
　　　　05 00 2F 00 
　　　　8D 00 10 00 
　　　　91 00 00 00 
　　　　0D 00 00 00 33 0E 00 00 
　　　　4D 00 00 00 0B 00 00 00 
　　　　11 00 00 00 34 0E 00 00 
　　　　7A 00 06 00 
　　　　8C 00 04 00 
　　　　90 00 00 00 
　　　　3C 00 00 00 2D B3 07 08 ： 不明
　　　　82 00 00 00 2A 00 00 00 00 00 00 00 00 00 00 00 ： マップ移動
　　　　3B 00 00 00 
　　　　02 00 40 00 
　　　　8D 00 04 00 
　　　　91 00 00 00 
　　　　02 00 40 00 
　　　　30 00 00 00 2C 6D DA 08 
　　　　39 00 00 00 
　　　　02 00 C0 00 
　　　　25 00 00 00 02 00 00 00 06 00 03 00 0C 00 00 00 
　　　　39 00 00 00 
　　　　0D 00 00 00 35 0E 00 00 
　　　　09 00 00 00 
　　　　42 00 00 00 0B 00 00 00 ：【0B】
　　　　83 00 2B 00 ： マップ移動
　　　　CC 00 00 00 C8 91 D8 08 ： 撤退ユニットの敗北イベントへ
　　　　98 00 00 00 
　　　　7A 00 04 00 
　　　　8C 00 04 00 
　　　　90 00 00 00 
　　　　02 00 20 00 
　　　　76 00 4A 00 
　　　　3C 00 00 00 2D B3 07 08 ： 不明
　　　　02 00 40 00 
　　　　82 00 00 00 2F 00 00 00 0D 00 00 00 00 00 00 00 
　　　　3B 00 00 00 
　　　　30 00 00 00 4C 6D DA 08 
　　　　39 00 00 00 
　　　　8D 00 04 00 
　　　　91 00 00 00 
　　　　DA 00 00 00 E1 05 00 00 9C 00 0C 00 ： マップ名
　　　　02 00 64 00 
　　　　DB 00 00 00 
　　　　8C 00 10 00 
　　　　90 00 00 00 
　　　　05 00 53 00 
　　　　8D 00 04 00 
　　　　91 00 00 00 
　　　　0D 00 00 00 36 0E 00 00 
　　　　09 00 00 00 
　　　　7D 00 00 03 
　　　　8E 00 10 00 
　　　　90 00 00 00 
　　　　8F 00 10 00 
　　　　91 00 00 00 
　　　　8E 00 10 00 
　　　　90 00 00 00 
　　　　8F 00 10 00 
　　　　91 00 00 00 
　　　　02 00 1E 00 
　　　　3D 00 00 00 39 D9 07 08 ： 不明
　　　　02 00 3C 00 
　　　　0D 00 00 00 37 0E 00 00 
　　　　09 00 00 00 
　　　　8C 00 04 00 
　　　　90 00 00 00 
　　　　05 00 5B 00 
　　　　83 00 2B 00 ： マップ移動
　　　　7F 00 2C 00 ： セーブ
　　　　02 00 01 00 01 00 00 00 
　　　　0A 00 00 00 00 00 00 00

■この章で使われたフラグ
