※作業の高速化のため表記を省略しています。

終章　光(前半)

離脱ポイントX: Y:

■ワールドマップシーン

■イベント条件群
−ターン条件−
D6E6C4　02 00 00 00 B4 77 D8 08 01 00 00 00 00 00 00 00 
　　　　02 00 00 00 94 7B D8 08 03 00 00 00 00 00 00 00 
　　　　02 00 00 00 B8 7B D8 08 05 00 00 00 00 00 00 00 
　　　　02 00 2A 00 FC 7B D8 08 05 63 00 00 00 00 00 00 
　　　　00 00 00 00 
−会話条件−
　03 00 07 00 5C 7C D8 08 01 2D 00 00 02 00 00 00 
　　　　03 00 07 00 5C 7C D8 08 2D 01 00 00 02 00 00 00 
　　　　04 00 08 00 78 7C D8 08 2D 02 00 00 9D EB 07 08 
　　　　03 00 09 00 94 7C D8 08 01 02 00 00 02 00 00 00 
　　　　03 00 0A 00 B4 7C D8 08 02 0B 00 00 02 00 00 00 
　　　　00 00 00 00 
−オブジェクト指定−
　08 00 00 00 01 00 00 00 04 0D 10 00 
　　　　08 00 00 00 01 00 00 00 0C 0D 10 00 
　　　　08 00 00 00 01 00 00 00 03 12 10 00 
　　　　08 00 00 00 01 00 00 00 0D 12 10 00 
　　　　08 00 00 00 01 00 00 00 04 17 10 00 
　　　　08 00 00 00 01 00 00 00 0C 17 10 00 
　　　　07 00 00 00 6C 00 00 00 05 0B 12 00 
　　　　07 00 00 00 4E 00 00 00 0F 0B 12 00 
　　　　07 00 00 00 58 00 00 00 02 13 12 00 
　　　　07 00 00 00 61 00 00 00 12 13 12 00 
　　　　00 00 00 00 
−常時条件＆範囲条件−
　0E 00 29 00 E4 7B D8 08 29 A5 07 08 
　　　　01 00 00 00 F0 7C D8 08 02 00 00 00 
　　　　01 00 00 00 1C F7 D6 08 65 00 00 00 
　　　　00 00 00 00 

C4 E6 D6 08 08 E7 D6 08 5C E7 D6 08 D8 E7 D6 08 72 F5 D6 08 06 F7 D6 08 BC 91 DA 08 BC 91 DA 08 BC 91 DA 08 BC 91 DA 08 1C 90 DA 08 EC 90 DA 08 1C 90 DA 08 1C 90 DA 08 18 75 D8 08 F0 7C D8 08

               

■イベント内容
・フェイズ１イベント
D877B4　3C 00 00 00 E9 B4 07 08 
　　　　82 00 00 00 2E 00 00 00 
　　　　09 00 00 00 12 00 00 00 
　　　　3C 00 00 00 CD B8 07 08 
　　　　3B 00 00 00 
　　　　02 00 1E 00 
　　　　76 00 B1 03 
　　　　3C 00 00 00 AD B3 07 08 
　　　　05 00 48 00 
　　　　8D 00 10 00 91 00 00 00 
　　　　0D 00 00 00 7B 0E 00 00 
　　　　7A 00 04 00 
　　　　8C 00 04 00 90 00 00 00 
　　　　02 00 3C 00 
　　　　30 00 00 00 AC 96 DA 08 
　　　　3C 00 00 00 2D B3 07 08 
　　　　30 00 00 00 1C 97 DA 08 
　　　　3C 00 00 00 81 EB 07 08 
　　　　58 00 01 00 2D AE 07 08 
　　　　37 00 00 00 CD 00 51 00 07 00 13 00 
　　　　39 00 00 00 
　　　　3C 00 00 00 D1 B3 07 08 
　　　　7A 00 04 00 
　　　　8D 00 04 00 91 00 00 00 
　　　　4E 00 00 00 04 00 00 00 65 00 00 00 01 00 00 00 
　　　　43 00 00 00 05 00 00 00 
　　　　42 00 00 00 04 00 00 00 65 00 00 00 02 00 00 00 
　　　　42 00 00 00 05 00 00 00 
　　　　02 00 1E 00 
　　　　8C 00 04 00 90 00 00 00 
　　　　02 00 20 00 
　　　　05 00 45 00 
　　　　76 00 3B 00 
　　　　8D 00 04 00 91 00 00 00 
　　　　0F 00 00 00 7C 0E 00 00 80 0E 00 00 
　　　　09 00 00 00 
　　　　CD 00 00 00 05 00 0F 00 01 00 00 00 
　　　　30 00 00 00 1C 98 DA 08 
　　　　40 00 00 00 21 0F 02 08 
　　　　CD 00 00 00 05 00 10 00 01 00 00 00 
　　　　30 00 00 00 3C 97 DA 08 
　　　　40 00 00 00 21 0F 02 08 
　　　　CD 00 00 00 0B 00 0F 00 01 00 00 00 
　　　　30 00 00 00 DC 97 DA 08 
　　　　40 00 00 00 21 0F 02 08 
　　　　CD 00 00 00 0B 00 10 00 01 00 00 00 
　　　　30 00 00 00 BC 97 DA 08 
　　　　40 00 00 00 21 0F 02 08 
　　　　0D 00 00 00 7D 0E 00 00 
　　　　09 00 00 00 
　　　　CD 00 00 00 07 00 0D 00 01 00 00 00 
　　　　30 00 00 00 7C 97 DA 08 
　　　　40 00 00 00 21 0F 02 08 
　　　　CD 00 00 00 09 00 0D 00 01 00 00 00 
　　　　30 00 00 00 9C 97 DA 08 
　　　　40 00 00 00 21 0F 02 08 
　　　　CD 00 00 00 06 00 0E 00 01 00 00 00 
　　　　30 00 00 00 5C 97 DA 08 
　　　　40 00 00 00 21 0F 02 08 CD 00 00 00 
　　　　0A 00 0E 00 01 00 00 00 
　　　　30 00 00 00 FC 97 DA 08 
　　　　40 00 00 00 21 0F 02 08 
　　　　0D 00 00 00 7E 0E 00 00 
　　　　09 00 00 00 
　　　　02 00 1E 00 
　　　　8C 00 10 00 90 00 00 00 
　　　　3C 00 00 00 AD B3 07 08 
　　　　05 00 45 00 
　　　　0F 00 00 00 7F 0E 00 00 81 0E 00 00 
　　　　3C 00 00 00 BD EB 00 08 
　　　　02 00 00 00 
　　　　DD 00 00 00 1F 00 00 00 04 00 00 00 
　　　　D2 00 00 00 82 0E 00 00 01 00 00 00 
　　　　02 00 1E 00 
　　　　DC 00 00 00 
　　　　45 00 00 00 04 00 00 00 
　　　　0F 00 00 00 83 0E 00 00 84 0E 00 00 49 00 00 00 0A 00 00 00 
　　　　76 00 57 00 
　　　　12 00 00 00 85 0E 00 00 86 0E 00 00 
　　　　42 00 00 00 0A 00 00 00 
　　　　3C 00 00 00 D9 B8 07 08 
　　　　8C 00 04 00 90 00 00 00 
　　　　02 00 1E 00 
　　　　3C 00 00 00 D1 B3 07 08 
　　　　8D 00 04 00 91 00 00 00 
　　　　02 00 1E 00 
　　　　8E 00 80 00 90 00 00 00 
　　　　3C 00 00 00 BD EB 00 08 
　　　　02 00 00 00 
　　　　3C 00 00 00 05 B3 07 08 
　　　　32 00 00 00 02 00 00 00 BC 91 DA 08 
　　　　32 00 00 00 03 00 00 00 BC 91 DA 08 
　　　　84 00 00 00 87 00 00 00 
　　　　7D 00 E9 02 
　　　　8F 00 10 00 91 00 00 00 
　　　　02 00 30 00 
　　　　76 00 57 00 
　　　　4E 00 00 00 06 00 00 00 
　　　　65 00 00 00 01 00 00 00 
　　　　43 00 00 00 07 00 00 00 
　　　　42 00 00 00 06 00 00 00 
　　　　65 00 00 00 02 00 00 00 
　　　　42 00 00 00 07 00 00 00 
　　　　0F 00 00 00 87 0E 00 00 89 0E 00 00 58 00 01 00 2D AE 07 08 
　　　　12 00 00 00 88 0E 00 00 8A 0E 00 00 
　　　　09 00 00 00 
　　　　3C 00 00 00 C5 E9 07 08 
　　　　40 00 00 00 0D EA 07 08 
┗07EA0D　B5 06 1C 35 1C 60 35 31 1C 5E 31 04 20 09 88 08 
　　　　　40 00 28 03 D0 89 F7 69 FA 00 20 89 E0 8B F7 01 
　　　　　FA 00 06 04 16 00 2C 00 D0 81 E0 28 78 01 28 30 
　　　　　D0 01 28 02 DC 00 28 05 D0 79 E0 02 28 3D D0 03 
　　　　　28 5A D0 74 E0 01 26 68 78 00 28 1C D0 06 1C 1A 
　　　　　E0 30 1C 9A F7 48 FB 04 1C 00 2C 13 D0 22 68 00 
　　　　　2A 10 D0 E0 68 0A 49 08 40 00 28 0B D1 10 79 A8 
　　　　　70 00 06 00 0E 01 28 05 D0 02 28 03 D0 2D 28 01 
　　　　　D0 26 28 32 D1 01 36 3F 2E E2 DD 00 20 50 E0 0C 
　　　　　00 01 00 A8 78 99 F7 3F FB 04 1C 00 2C 1D D0 10 
　　　　　21 61 56 11 22 A2 56 30 1C 97 F7 51 FB 10 20 20 
　　　　　56 11 21 61 56 97 F7 23 FA 0F E0 09 4C 20 1C 85 
　　　　　F7 5A FD 00 28 09 D0 8A F7 86 FD 06 49 20 1C 85 
　　　　　F7 C8 FD 30 1C 08 21 95 F7 66 FF 28 78 01 30 28 
　　　　　70 25 E0 70 F9 BF 08 F5 73 00 08 A8 78 FF F7 71 
　　　　　FF A8 80 70 1C 68 70 F0 E7 A8 88 00 28 16 D0 89 
　　　　　F7 72 F9 8A F7 BC FD 8A F7 88 FD 90 F7 76 F8 A8 
　　　　　88 94 F7 FB FB 02 1C 0A 20 0E 21 00 23 89 F7 6D 
　　　　　F9 01 20 89 F7 28 FA 01 20 8A F7 BF F8 2C 70 01 
　　　　　20 70 BC 02 BC 08 47 00
　　　　09 00 00 00 
　　　　0F 00 00 00 B0 0E 00 00 B1 0E 00 00 
　　　　09 00 00 00 
　　　　02 00 00 00 
　　　　58 00 03 00 2D AE 07 08 
　　　　26 00 00 00 CD 00 00 00 FA 16 C0 08 
　　　　39 00 00 00 
　　　　69 00 00 00 CD 00 00 00 
　　　　7A 00 04 00 
　　　　02 00 1E 00 
　　　　1D 00 03 0C 
　　　　02 00 1E 00 
　　　　7D 00 B1 00 5D 00 01 00 
　　　　02 00 1E 00 
　　　　1D 00 0D 16 
　　　　02 00 1E 00 
　　　　7D 00 B1 00 
　　　　5D 00 06 00 
　　　　4E 00 00 00 
　　　　0F 00 00 00 74 00 26 00 
　　　　42 00 00 00 0F 00 00 00 
　　　　74 00 0A 00 
　　　　0A 00 00 00 00 00 00 00

・クリアイベント
D87CF0　3C 00 00 00 5D EF 07 08 ： 不明
　　　　3C 00 00 00 D1 A5 07 08 ： 輸送隊レベルアップ判定
　　　　7A 00 06 00 
　　　　3B 00 00 00 
　　　　8C 00 10 00 90 00 00 00 
　　　　3C 00 00 00 2D B3 07 08 ： マップのユニットを消す
　　　　05 00 53 00 
　　　　8D 00 10 00 91 00 00 00 
　　　　19 00 00 00 
　　　　86 00 00 00 DB 0E 00 00 DA 0E 00 00 
　　　　CC 00 00 00 C8 91 D8 08 ： 不明
　　　　98 00 00 00 
　　　　8C 00 10 00 90 00 00 00 
　　　　3C 00 00 00 2D B3 07 08 ： マップのユニットを消す
　　　　82 00 00 00 41 00 00 00 00 00 00 00 09 00 00 00 ： マップ移動
　　　　3C 00 00 00 BD EB 00 08 ： 会話シーンの顔グラと吹き出しを消す
　　　　02 00 00 00 
　　　　30 00 00 00 3C 98 DA 08 ： 不明
　　　　58 00 01 00 2D AE 07 08 
　　　　37 00 00 00 CD 00 51 00 05 00 0A 00 ： ユニット呼び出し
　　　　3C 00 00 00 CD EB 07 08 ： 不明
　　　　8D 00 10 00 91 00 00 00 
　　　　76 00 35 00 
　　　　3D 00 00 00 C9 B6 07 08 ： 不明
　　　　02 00 1E 00 
　　　　5D 00 00 00 7D 00 E3 00 ： マップ変化
　　　　02 00 1E 00 
　　　　0D 00 00 00 DC 0E 00 00 
　　　　09 00 00 00 
　　　　02 00 1E 00 
　　　　26 00 00 00 01 00 00 00 D0 7C D8 08 
　　　　26 00 00 00 02 00 00 00 DA 7C D8 08 
　　　　26 00 00 00 2D 00 00 00 E4 7C D8 08 
　　　　8C 00 04 00 90 00 00 00 
　　　　39 00 00 00 
　　　　3C 00 00 00 2D B3 07 08 ： マップのユニットを消す
　　　　82 00 00 00 2F 00 00 00 0D 00 00 00 14 00 00 00 ： マップ移動
　　　　3C 00 00 00 59 EC 07 08 ： 不明
　　　　8D 00 10 00 91 00 00 00 
　　　　39 00 00 00 
　　　　3C 00 00 00 D5 EC 07 08 ： 不明
　　　　39 00 00 00 
　　　　3C 00 00 00 8D ED 07 08 ： 前のマップのユニット呼び出し
　　　　39 00 00 00 
　　　　3C 00 00 00 35 EE 07 08 ： 不明
　　　　39 00 00 00 
　　　　02 00 3C 00 
　　　　3A 00 00 00 ： ユニットにカメラを合わす
　　　　3C 00 00 00 D9 EE 07 08 ： 不明
　　　　8C 00 04 00 90 00 00 00 
　　　　39 00 00 00 
　　　　3B 00 00 00 
　　　　D6 00 20 00 ： CG
　　　　8D 00 04 00 91 00 00 00 
　　　　02 00 3C 00 
　　　　E6 00 00 00 ： 色調変化準備
　　　　E5 00 00 00 FF FF 00 00 04 00 00 00 C0 00 03 0C ： 色調変化
　　　　0F 00 00 00 DD 0E 00 00 DE 0E 00 00 ： 台詞
　　　　7F 00 2F 00 
　　　　3C 00 00 00 A1 B7 07 08 ： 地震を消す
　　　　02 00 01 00 01 00 00 00 
　　　　0A 00 00 00 00 00 00 00



■この章で使われたフラグ
