※作業の高速化のため表記を省略しています。

エピローグ

終章後半の 80 00 00 00 01 00 00 00 から
D89864に飛んできます。




■イベント内容
D89864　7A 00 02 00 
　　　　05 00 5C 00 
　　　　3D 00 00 00 55 BC 07 08 
┗07BC55　B5 01 1C 02 48 88 F7 89 FB 01 BC 00 47 00 00 54 
　　　　　F8 D6 08 00 ： 背景のうねうねした光
　　　　8D 00 04 00 91 00 00 00 
　　　　0F 00 00 00 EE 0E 00 00 EF 0E 00 00 ： 分岐付きの会話
　　　　7D 00 D9 02 
　　　　02 00 0A 00 
　　　　14 00 00 00 
　　　　8C 00 10 00 90 00 00 00 
　　　　3C 00 00 00 BD EB 00 08 
┗00EBBD　B5 04 1C 4D 30 00 78 00 06 00 16 00 28 02 D0 00 
　　　　　F0 1C F8 13 E0 0B 4D 28 1C F5 F7 D5 FC 00 28 0D 
　　　　　D0 FA F7 01 FD 08 49 28 1C F5 F7 43 FD 21 1C 50 
　　　　　31 08 20 08 80 20 1C 08 21 05 F0 DD FE 30 BC 01 
　　　　　BC 00 47 70 F9 BF 08 F5 73 00 08 00 ： 顔蔵と吹き出しを消す
　　　　02 00 00 00 
　　　　79 00 73 00 06 00 00 00 ： BGMの演奏
　　　　8D 00 04 00 91 00 00 00 
　　　　0D 00 00 00 F1 0E 00 00 
　　　　8C 00 10 00 90 00 00 00 
　　　　3C 00 00 00 81 BC 07 08 
┗07BC81　B5 03 48 88 F7 7E FC 88 F7 EA FB 01 BC 00 47 54 
　　　　　F8 D6 08 4C 30 00 21 01 80 70 47 10 ： 不明
　　　　3C 00 00 00 BD EB 00 08 ： 顔蔵と吹き出しを消す
　　　　02 00 00 00 
　　　　D6 00 2B 00 
　　　　8D 00 04 00 91 00 00 00 
　　　　D2 00 00 00 F2 0E 00 00 01 00 00 00 
　　　　D4 00 00 00 F3 0E 00 00 01 00 00 00 
　　　　D4 00 00 00 F4 0E 00 00 01 00 00 00 
　　　　8C 00 04 00 90 00 00 00 
　　　　05 00 5C 00 
　　　　3D 00 00 00 55 BC 07 08 
┗07BC55　B5 01 1C 02 48 88 F7 89 FB 01 BC 00 47 00 00 54 
　　　　　F8 D6 08 00 ： 背景のうねうねした光
　　　　8D 00 10 00 91 00 00 00 
　　　　0D 00 00 00 F5 0E 00 00 
　　　　79 00 3A 00 04 00 00 00 
　　　　47 00 00 00 0A 00 00 00 45 AC 07 08 ：【0A】支援Aか？
┗07AC45　B5 01 20 25 21 AC F7 21 FA 00 06 00 16 02 BC 08 
　　　　　47 00 00 00 ： 
　　　　4B 00 00 00 00 00 00 00 86 00 00 00 ：【00】フラグ[86]がオン？
　　　　11 00 00 00 F7 0E 00 00 ： 没会話？　通常は読み込まれない
　　　　43 00 00 00 01 00 00 00 ：【01】42まで飛ぶ？
　　　　42 00 00 00 00 00 00 00 ：【00】条件分岐から飛んでくる 
　　　　11 00 00 00 F6 0E 00 00 ： 会話(ニニアンとの支援がAの場合)
　　　　42 00 00 00 01 00 00 00 ：【01】43から飛んでくる
　　　　3C 00 00 00 BD EB 00 08 ： 会話シーンの顔グラと吹き出しを消す
　　　　02 00 00 00 
　　　　0D 00 00 00 F8 0E 00 00 ： 会話(ニニアンとの支援がAの場合)
　　　　8C 00 04 00 90 00 00 00 ： 画面暗転
　　　　3C 00 00 00 BD EB 00 08 ： 会話シーンの顔グラと吹き出しを消す
　　　　02 00 00 00 
　　　　02 00 3C 00 
　　　　8D 00 04 00 91 00 00 00 ： 画面表示
　　　　0D 00 00 00 F9 0E 00 00 ： 会話(ニニアンとの支援がAの場合)
　　　　3C 00 00 00 BD EB 00 08 ： 会話シーンの顔グラと吹き出しを消す
　　　　02 00 00 00 
　　　　3C 00 00 00 15 02 08 08 
┗080215　B5 01 1C 02 48 84 F7 DB F8 01 BC 00 47 00 00 7C 
　　　　　97 D8 08 10 ： ニルスのCG
　　　　02 00 1E 00 
　　　　D2 00 00 00 FA 0E 00 00 01 00 00 00 
　　　　3C 00 00 00 6D 04 08 08 
┗08046D　B5 01 1C 02 48 83 F7 AF FF 01 BC 00 47 00 00 EC 
　　　　　97 D8 08 10 ： ニルスが竜の門を通って消えていく演出
　　　　0D 00 00 00 FB 0E 00 00 ： 会話(ニニアンとの支援がAの場合)
　　　　43 00 00 00 0B 00 00 00 ：【0B】42まで飛ぶ
　　　　42 00 00 00 0A 00 00 00 ：【0A】条件分岐から飛んでくる
　　　　4B 00 00 00 02 00 00 00 86 00 00 00 ：【02】フラグ[86]がオン？
　　　　11 00 00 00 FE 0E 00 00 ： 会話(これでお別れだというのか)
　　　　43 00 00 00 03 00 00 00 ：【03】42まで飛ぶ
　　　　42 00 00 00 02 00 00 00 ：【02】条件分岐から飛んでくる
　　　　11 00 00 00 FD 0E 00 00 ： 会話(そんなことはだめだ！)
　　　　42 00 00 00 03 00 00 00 ：【03】43から飛んでくる
　　　　11 00 00 00 FF 0E 00 00 ： 会話(通常)
　　　　8C 00 04 00 90 00 00 00 
　　　　3C 00 00 00 BD EB 00 08 ： 会話シーンの顔グラと吹き出しを消す
　　　　02 00 00 00 
　　　　3C 00 00 00 81 BC 07 08 ： CGの表示の仕方の設定？
　　　　D6 00 2D 00 ： CG表示
　　　　8D 00 04 00 91 00 00 00 
　　　　02 00 78 00 
　　　　42 00 00 00 0B 00 00 00 ：【0B】43から飛んでくる
　　　　7A 00 08 00 ： BGMの消音
　　　　8C 00 02 00 90 00 00 00 
　　　　3C 00 00 00 49 B4 07 08 ： 
　　　　3C 00 00 00 BD EB 00 08 ： 会話シーンの顔グラと吹き出しを消す
　　　　02 00 00 00 
　　　　02 00 3C 00 
　　　　05 00 2C 00 
　　　　8D 00 04 00 91 00 00 00 
　　　　02 00 1E 00 
　　　　76 00 4B 00 
　　　　DC 00 00 00 2D 00 00 00 ： 朝日の指した背景
　　　　04 00 00 00 ： 不明
　　　　02 00 1E 00 
　　　　47 00 00 00 14 00 00 00 45 AC 07 08 ：【14】条件分岐
　　　　0D 00 00 00 FC 0E 00 00 ： 会話(外にて。ニニアンとの支援がAの場合)
　　　　43 00 00 00 15 00 00 00 ：【15】42まで飛ぶ
　　　　42 00 00 00 14 00 00 00 ：【14】条件分岐から飛んでくる
　　　　0D 00 00 00 01 0F 00 00 ： 会話(外にて。通常)
　　　　42 00 00 00 15 00 00 00 ：【15】43から飛んでくる
　　　　3C 00 00 00 BD EB 00 08 ： 会話シーンの顔グラと吹き出しを消す
　　　　02 00 00 00 
　　　　0A 00 00 00 00 00 00 00 ： イベント一区切り
D89AF8　46 00 00 00 1E 00 00 00 45 AC 07 08 ：【1E】
┗07AC45　B5 01 20 25 21 AC F7 21 FA 00 06 00 16 02 BC 08 
　　　　　47 00 00 00 ： ニニアンと支援A
　　　　46 00 00 00 1F 00 00 00 31 AC 07 08 ：【1F】
┗07AC31　B5 01 20 2D 21 AC F7 2B FA 00 06 00 16 02 BC 08 
　　　　　47 00 00 00 ： リンと支援A
　　　　46 00 00 00 20 00 00 00 59 AC 07 08 ：【20】
┗07AC59　B5 01 20 1E 21 AC F7 17 FA 00 06 00 16 02 BC 08 
　　　　　47 00 00 00 ： フィオーラと支援A
　　　　DD 00 00 00 2F 00 00 00 ： CGの表示(誰とも支援Aでない場合)
　　　　02 00 00 00 
　　　　43 00 00 00 32 00 00 00 ：【32】42まで飛ぶ
　　　　42 00 00 00 1E 00 00 00 ：【1E】条件分岐から飛んでくる
　　　　DD 00 00 00 2E 00 00 00 ： CGの表示(ニニアンと支援Aの場合)
　　　　02 00 00 00 
　　　　43 00 00 00 32 00 00 00 ：【32】42まで飛ぶ
　　　　42 00 00 00 1F 00 00 00 ：【1F】条件分岐から飛んでくる
　　　　DD 00 00 00 30 00 00 00 ： CGの表示(リンと支援Aの場合)
　　　　02 00 00 00 
　　　　43 00 00 00 32 00 00 00 ：【32】42まで飛ぶ
　　　　42 00 00 00 20 00 00 00 ：【20】条件分岐から飛んでくる
　　　　DD 00 00 00 31 00 00 00 ： CGの表示(フィオーラと支援Aの場合)
　　　　02 00 00 00 
　　　　43 00 00 00 32 00 00 00 ：【32】42まで飛ぶ
　　　　42 00 00 00 32 00 00 00 ：【32】43から飛んでくる
　　　　02 00 78 00 
　　　　7A 00 08 00 
　　　　8C 00 04 00 90 00 00 00 
　　　　0A 00 00 00 00 00 00 00
D89BA4　46 00 00 00 28 00 00 00 81 AC 07 08 
　　　　46 00 00 00 29 00 00 00 6D AC 07 08 
　　　　46 00 00 00 2A 00 00 00 95 AC 07 08 
　　　　DD 00 00 00 2F 00 00 00 
　　　　02 00 00 00 
　　　　43 00 00 00 32 00 00 00 
　　　　42 00 00 00 28 00 00 00 
　　　　DD 00 00 00 3C 00 00 00 
　　　　02 00 00 00 
　　　　43 00 00 00 32 00 00 00 
　　　　42 00 00 00 29 00 00 00 
　　　　DD 00 00 00 3D 00 00 00 
　　　　02 00 00 00 
　　　　43 00 00 00 32 00 00 00 
　　　　42 00 00 00 2A 00 00 00 
　　　　DD 00 00 00 3E 00 00 00 
　　　　02 00 00 00 
　　　　43 00 00 00 32 00 00 00 
　　　　42 00 00 00 32 00 00 00 
　　　　02 00 78 00 
　　　　7A 00 08 00 
　　　　8C 00 04 00 90 00 00 00 
　　　　0A 00 00 00 00 00 00 00
D89C50　3C 00 00 00 BD FE 07 08 ： ここから即位式のシーン
┗07FEBD　B5 1B 4B 19 1C 3C 31 C0 20 0A 78 10 43 08 70 18 
　　　　　1C 44 30 00 21 01 70 01 30 01 70 19 1C 46 31 10 
　　　　　22 10 20 08 70 13 48 99 8F 08 40 1F 21 08 43 98 
　　　　　87 01 20 59 78 08 43 02 21 08 43 04 21 08 43 08 
　　　　　21 08 43 10 43 58 70 0B 48 0C 49 93 F7 BE FB 0B 
　　　　　48 A0 21 20 22 81 F7 A3 F8 0A 48 0A 49 0B 4A 40 
　　　　　F0 84 FE 01 20 81 F7 57 F8 01 BC 00 47 00 00 90 
　　　　　27 00 03 E0 FF 00 00 10 86 1C 08 00 08 00 06 F8 
　　　　　8A 1C 08 60 2C 02 02 18 8B 1C 08 40 50 00 00 00 ： 一年後の表示
　　　　02 00 3C 00 
　　　　8D 00 02 00 91 00 00 00 
　　　　02 00 3C 00 
　　　　8C 00 02 00 90 00 00 00 
　　　　05 00 12 00 
　　　　47 00 00 00 3C 00 00 00 2D AE 07 08 ：【3C】
┗07AE2D　48 2B 30 00 78 C0 07 C0 0F 70 47 F4 BB 02 02 02 
　　　　　48 2C 30 00 78 C0 07 C0 0F 70 47 F4 BB 02 02 00 ： 軍師がいるか？
　　　　76 00 45 00 
　　　　8D 00 04 00 91 00 00 00 
　　　　0D 00 00 00 0B 0F 00 00 ： 会話(エリウッドと軍師)
　　　　8C 00 04 00 90 00 00 00 
　　　　3C 00 00 00 BD EB 00 08 ： 会話シーンの顔グラと吹き出しを消す
　　　　02 00 00 00 
　　　　46 00 00 00 33 00 00 00 45 AC 07 08 ：【33】ニニアンと支援Aなら42まで飛ぶ
┗07AC45　B5 01 20 25 21 AC F7 21 FA 00 06 00 16 02 BC 08 
　　　　　47 00 00 00 ： ニニアンと支援A
　　　　46 00 00 00 34 00 00 00 31 AC 07 08 ：【34】リンと支援Aなら42まで飛ぶ
┗07AC31　B5 01 20 2D 21 AC F7 2B FA 00 06 00 16 02 BC 08 
　　　　　47 00 00 00 ： リンと支援A
　　　　46 00 00 00 35 00 00 00 59 AC 07 08 ：【35】フィオーラと支援Aなら42まで飛ぶ
┗07AC59　B5 01 20 1E 21 AC F7 17 FA 00 06 00 16 02 BC 08 
　　　　　47 00 00 00 ： フィオーラと支援A
　　　　43 00 00 00 38 00 00 00 ：【38】42まで飛ぶ
　　　　42 00 00 00 33 00 00 00 ：【33】条件分岐から飛んでくる
　　　　8D 00 04 00 91 00 00 00 
　　　　0D 00 00 00 0C 0F 00 00 ： 会話(ニニアンと結婚する)
　　　　43 00 00 00 37 00 00 00 ：【37】42まで飛ぶ
　　　　42 00 00 00 34 00 00 00 ：【34】条件分岐から飛んでくる
　　　　8D 00 04 00 91 00 00 00 
　　　　0D 00 00 00 0D 0F 00 00 ： 会話(リンと結婚する)
　　　　43 00 00 00 37 00 00 00 ：【37】42まで飛ぶ
　　　　42 00 00 00 35 00 00 00 ：【35】条件分岐から飛んでくる
　　　　8D 00 04 00 91 00 00 00 
　　　　0D 00 00 00 0E 0F 00 00 ： 会話(フィオーラと結婚する)
　　　　43 00 00 00 37 00 00 00 ：【37】42まで飛ぶ
　　　　42 00 00 00 37 00 00 00 ：【37】43から飛んでくる
　　　　8C 00 04 00 90 00 00 00 
　　　　3C 00 00 00 BD EB 00 08 ： 会話シーンの顔グラと吹き出しを消す
　　　　02 00 00 00 
　　　　42 00 00 00 38 00 00 00 ：【38】43から飛んでくる
　　　　05 00 1C 00 
　　　　8D 00 04 00 91 00 00 00 
　　　　0D 00 00 00 0F 0F 00 00 ： 会話(エリウッドと軍師)
　　　　3C 00 00 00 BD EB 00 08 ： 会話シーンの顔グラと吹き出しを消す
　　　　02 00 00 00 
　　　　DD 00 00 00 32 00 00 00 ： CGの表示
　　　　02 00 00 00 
　　　　D2 00 00 00 10 0F 00 00 01 00 00 00 ： 会話（エリウッドのまた会おう）
　　　　7A 00 08 00 
　　　　43 00 00 00 5A 00 00 00 ：【5A】42まで飛ぶ
　　　　42 00 00 00 3C 00 00 00 ：【3C】どこかから飛んでくる？
　　　　76 00 45 00 
　　　　8D 00 04 00 91 00 00 00 
　　　　0D 00 00 00 11 0F 00 00 ： 会話(エリウッドとヘクトル)
　　　　8C 00 04 00 90 00 00 00 
　　　　3C 00 00 00 BD EB 00 08 ： 会話シーンの顔グラと吹き出しを消す
　　　　02 00 00 00 
　　　　46 00 00 00 3D 00 00 00 45 AC 07 08 ：【3D】ニニアンと支援Aなら42まで飛ぶ
　　　　46 00 00 00 3E 00 00 00 31 AC 07 08 ：【3E】リンと支援Aなら42まで飛ぶ
　　　　46 00 00 00 3F 00 00 00 59 AC 07 08 ：【3F】フィオーラと支援Aなら42まで飛ぶ
　　　　43 00 00 00 42 00 00 00 ：【42】42まで飛ぶ
　　　　42 00 00 00 3D 00 00 00 ：【3D】
　　　　8D 00 04 00 91 00 00 00 
　　　　0D 00 00 00 12 0F 00 00 ： 会話(ニニアンと結婚。軍師なしの場合？)
　　　　43 00 00 00 41 00 00 00 ：【41】42まで飛ぶ
　　　　42 00 00 00 3E 00 00 00 ：【3E】条件分岐から飛んでくる
　　　　8D 00 04 00 91 00 00 00 
　　　　0D 00 00 00 13 0F 00 00 ： 会話(リンと結婚。軍師なしの場合？)
　　　　43 00 00 00 41 00 00 00 ：【41】42まで飛ぶ
　　　　42 00 00 00 3F 00 00 00 ：【3F】条件分岐から飛んでくる
　　　　8D 00 04 00 91 00 00 00 
　　　　0D 00 00 00 14 0F 00 00 ： 会話(フィオーラと結婚。軍師なしの場合？)
　　　　43 00 00 00 41 00 00 00 ：【41】42まで飛ぶ
　　　　42 00 00 00 41 00 00 00 ：【41】43から飛んでくる
　　　　8C 00 04 00 90 00 00 00 
　　　　3C 00 00 00 BD EB 00 08 ： 会話シーンの顔グラと吹き出しを消す
　　　　02 00 00 00 
　　　　42 00 00 00 42 00 00 00 ：【42】43から飛んでくる
　　　　05 00 1C 00 
　　　　8D 00 04 00 91 00 00 00 
　　　　0D 00 00 00 15 0F 00 00 ： 会話(ヘクトル、エリウッドを送り出す)
　　　　7A 00 08 00 
　　　　43 00 00 00 5A 00 00 00 ：【5A】
　　　　42 00 00 00 5A 00 00 00 ：【5A】
　　　　8C 00 04 00 90 00 00 00 
　　　　3C 00 00 00 BD EB 00 08 ： 会話シーンの顔グラと吹き出しを消す
　　　　02 00 00 00 
　　　　02 00 78 00 
　　　　0A 00 00 00 00 00 00 00 ： イベント一区切り

D89EC4　3C 00 00 00 BD FE 07 08 ： 以下ヘクトル編の場合
┗07FEBD　B5 1B 4B 19 1C 3C 31 C0 20 0A 78 10 43 08 70 18 
　　　　　1C 44 30 00 21 01 70 01 30 01 70 19 1C 46 31 10 
　　　　　22 10 20 08 70 13 48 99 8F 08 40 1F 21 08 43 98 
　　　　　87 01 20 59 78 08 43 02 21 08 43 04 21 08 43 08 
　　　　　21 08 43 10 43 58 70 0B 48 0C 49 93 F7 BE FB 0B 
　　　　　48 A0 21 20 22 81 F7 A3 F8 0A 48 0A 49 0B 4A 40 
　　　　　F0 84 FE 01 20 81 F7 57 F8 01 BC 00 47 00 00 90 
　　　　　27 00 03 E0 FF 00 00 10 86 1C 08 00 08 00 06 F8 
　　　　　8A 1C 08 60 2C 02 02 18 8B 1C 08 40 50 00 00 00 ： 一年後の表示
　　　　02 00 3C 00 
　　　　8D 00 02 00 91 00 00 00 
　　　　02 00 3C 00 
　　　　8C 00 02 00 90 00 00 00 
　　　　05 00 12 00 
　　　　47 00 00 00 50 00 00 00 2D AE 07 08 ：【50】軍師が居ない場合、42まで飛ぶ
┗07AE2D　48 2B 30 00 78 C0 07 C0 0F 70 47 F4 BB 02 02 02 
　　　　　48 2C 30 00 78 C0 07 C0 0F 70 47 F4 BB 02 02 00 ： 軍師がいる？
　　　　76 00 45 00 
　　　　8D 00 04 00 91 00 00 00 
　　　　0D 00 00 00 16 0F 00 00 
　　　　46 00 00 00 47 00 00 00 81 AC 07 08 ：【47】
┗07AC81　B5 02 20 31 21 AC F7 03 FA 00 06 00 16 02 BC 08 
　　　　　47 00 00 00 ： フロリーナと支援A
　　　　46 00 00 00 48 00 00 00 6D AC 07 08 ：【48】
┗07AC6D　B5 02 20 2D 21 AC F7 0D FA 00 06 00 16 02 BC 08 
　　　　　47 00 00 00 ： リンと支援A
　　　　46 00 00 00 49 00 00 00 95 AC 07 08 ：【49】
┗07AC95　B5 02 20 1F 21 AC F7 F9 F9 00 06 00 16 02 BC 08 
　　　　　47 00 00 F0 ： ファリナと支援A
　　　　43 00 00 00 4C 00 00 00 ：【4C】42まで飛ぶ
　　　　42 00 00 00 47 00 00 00 ：【47】条件分岐から飛んでくる
　　　　11 00 00 00 17 0F 00 00 ： 会話(フロリーナと結婚する)
　　　　43 00 00 00 4B 00 00 00 ：【4B】42まで飛ぶ
　　　　42 00 00 00 48 00 00 00 ：【48】条件分岐から飛んでくる
　　　　11 00 00 00 18 0F 00 00 ： 会話(リンと結婚する)
　　　　43 00 00 00 4B 00 00 00 ：【4B】42まで飛ぶ
　　　　42 00 00 00 49 00 00 00 ：【49】条件分岐から飛んでくる
　　　　11 00 00 00 19 0F 00 00 ： 会話(ファリナと結婚する)
　　　　43 00 00 00 4B 00 00 00 ：【4B】42まで飛ぶ
　　　　42 00 00 00 4B 00 00 00 ：【4B】43まで飛ぶ
　　　　42 00 00 00 4C 00 00 00 ：【4C】43から飛んでくる
　　　　8C 00 04 00 90 00 00 00 
　　　　3C 00 00 00 BD EB 00 08 ： 会話シーンの顔グラと吹き出しを消す
　　　　02 00 00 00 
　　　　05 00 1C 00 
　　　　8D 00 04 00 91 00 00 00 
　　　　0D 00 00 00 1A 0F 00 00 ： 会話(ヘクトルと軍師)
　　　　3C 00 00 00 BD EB 00 08 ： 会話シーンの顔グラと吹き出しを消す
　　　　02 00 00 00 
　　　　DD 00 00 00 3F 00 00 00 ： CGの表示
　　　　02 00 00 00 
　　　　D2 00 00 00 1B 0F 00 00 01 00 00 00 ： 会話(また会おうぜ！)
　　　　7A 00 08 00 
　　　　43 00 00 00 5A 00 00 00 ：【5A】42まで飛ぶ
　　　　42 00 00 00 50 00 00 00 ：【50】条件分岐から飛んでくる
　　　　76 00 45 00 
　　　　8D 00 04 00 91 00 00 00 
　　　　0D 00 00 00 1C 0F 00 00 ： 会話(軍師いない場合。ヘクトルとエリウッド)
　　　　46 00 00 00 51 00 00 00 81 AC 07 08 ：【51】フロリーナ
　　　　46 00 00 00 52 00 00 00 6D AC 07 08 ：【52】リン
　　　　46 00 00 00 53 00 00 00 95 AC 07 08 ：【53】ファリナ
　　　　43 00 00 00 56 00 00 00 ：【56】42まで飛ぶ
　　　　42 00 00 00 51 00 00 00 ：【51】条件分岐から
　　　　11 00 00 00 1F 0F 00 00 ： 会話(軍師なしフロリー)
　　　　43 00 00 00 55 00 00 00 ：【55】42へ
　　　  42 00 00 00 52 00 00 00 ：【52】条件分岐から
　　　　11 00 00 00 1D 0F 00 00 ： 会話(軍師なしリン)
　　　　43 00 00 00 55 00 00 00 ：【55】42へ
　　　　42 00 00 00 53 00 00 00 ：【53】条件分岐から
　　　　11 00 00 00 1E 0F 00 00 ： 会話(軍師なしファリナ)
　　　　43 00 00 00 55 00 00 00 ：【55】42へ
　　　　42 00 00 00 55 00 00 00 ：【55】43から
　　　　42 00 00 00 56 00 00 00 ：【56】43から
　　　　8C 00 04 00 90 00 00 00 
　　　　3C 00 00 00 BD EB 00 08 ： 会話シーンの顔グラと吹き出しを消す
　　　　02 00 00 00 
　　　　05 00 1C 00 
　　　　8D 00 04 00 91 00 00 00 
　　　　0D 00 00 00 20 0F 00 00 ： 会話(ヘクトルとエリウッド)
　　　　7A 00 08 00 
　　　　43 00 00 00 5A 00 00 00 ：【5A】42へ
　　　　42 00 00 00 5A 00 00 00 ：【5A】43から
　　　　8C 00 04 00 90 00 00 00 
　　　　3C 00 00 00 BD EB 00 08 ： 会話シーンの顔グラと吹き出しを消す
　　　　02 00 00 00 
　　　　02 00 78 00 
　　　　0A 00 00 00 00 00 00 00 ： イベント一区切り
D8A0E0　8A 00 00 00 ： 不明
　　　　CC 00 00 00 64 98 D8 08 ： 火竜を倒した後のシーンへ
　　　　98 00 00 00 
　　　　CC 00 00 00 F8 9A D8 08 ： エリウッド編カップリングCG
　　　　98 00 00 00 
　　　　3C 00 00 00 81 04 08 08 ： エピローグセーブ
　　　　02 00 00 00 
　　　　3C 00 00 00 49 B4 07 08 
　　　　01 00 00 00 
　　　　8A 00 00 00 
　　　　CC 00 00 00 64 98 D8 08 
　　　　98 00 00 00 
　　　　CC 00 00 00 A4 9B D8 08 ： ヘクトル編カップリングCG
　　　　98 00 00 00 
　　　　3C 00 00 00 81 04 08 08 
　　　　02 00 00 00 
　　　　3C 00 00 00 49 B4 07 08 
　　　　01 00 00 00 
　　　　8A 00 00 00 
　　　　CC 00 00 00 50 9C D8 08 ： エリウッド編即位式へ
　　　　98 00 00 00 
　　　　42 00 00 00 00 00 00 00 
　　　　3C 00 00 00 59 AE 0B 08 ： スタッフロールの処理
　　　　02 00 00 00 
　　　　3C 00 00 00 CD AA 0B 08 ： 攻略ターンの表示
　　　　02 00 00 00 
　　　　42 00 00 00 
　　　　01 00 00 00 
　　　　CC 00 00 00 F0 94 D8 08 ： 後日談の表示
　　　　98 00 00 00 
　　　　02 00 78 00 
　　　　42 00 00 00 02 00 00 00 
　　　　CC 00 00 00 08 95 D8 08 
　　　　98 00 00 00 
　　　　42 00 00 00 03 00 00 00 
　　　　02 00 1E 00 
　　　　01 00 00 00 8A 00 00 00 
　　　　CC 00 00 00 C4 9E D8 08 ： ヘクトル編即位式へ
　　　　98 00 00 00 
　　　　42 00 00 00 00 00 00 00 
　　　　3C 00 00 00 59 AE 0B 08 ： スタッフロールの処理
　　　　02 00 00 00 
　　　　3C 00 00 00 CD AA 0B 08 ： 攻略ターンの表示
　　　　02 00 00 00 
　　　　42 00 00 00 
　　　　01 00 00 00 
　　　　CC 00 00 00 F0 94 D8 08 ： 後日談の表示
　　　　98 00 00 00 
　　　　02 00 78 00 
　　　　42 00 00 00 02 00 00 00 
　　　　CC 00 00 00 08 95 D8 08 
　　　　98 00 00 00 
　　　　42 00 00 00 03 00 00 00 
　　　　02 00 1E 00 
　　　　01 00 00 00 
　　　　02 00 00 00 49 06 08 08 
　　　　03 00 00 00 51 06 08 08 
　　　　00 00 00 00 00 00 00 00

■この章で使われたフラグ
